0.13469362258911133
0.1494426727294922
0.20747137069702148
0.1527397632598877
0.1481611728668213
0.16121506690979004
0.10764813423156738
0.12634825706481934
0.1389787197113037
0.15451526641845703
0.09447979927062988
0.1628727912902832
0.1692347526550293
0.15927982330322266
0.15962481498718262
0.15243816375732422
0.1544179916381836
0.1772913932800293
0.09162211418151855
0.10278487205505371
0.10856795310974121
0.12106013298034668
0.13041996955871582
0.20055532455444336
0.10226988792419434
0.11189675331115723
0.12822246551513672
0.1548748016357422
0.1448979377746582
0.15361762046813965
0.1447598934173584
0.15373659133911133
0.12640666961669922
0.13785409927368164
0.17194581031799316
0.14878368377685547
0.1471421718597412
0.1712808609008789
0.14726781845092773
0.1442718505859375
0.1307220458984375
0.20370173454284668
0.14112067222595215
0.19385433197021484
0.24264216423034668
0.11590814590454102
0.20630311965942383
0.11425185203552246
0.20961976051330566
0.1124415397644043
0.15739774703979492
0.1545729637145996
0.12644076347351074
0.14439630508422852
0.11595940589904785
0.14195919036865234
0.1855313777923584
0.16805672645568848
0.15047955513000488
0.14894485473632812
0.1965949535369873
0.2327883243560791
0.222304105758667
0.129441499710083
0.18420124053955078
0.12210655212402344
0.1603386402130127
0.13281011581420898
0.15746045112609863
0.19613909721374512
0.19755101203918457
0.18745946884155273
0.14781522750854492
0.14980745315551758
0.15138673782348633
0.2308025360107422
0.21409964561462402
0.25151920318603516
0.17834830284118652
0.23194599151611328
0.1399397850036621
0.1520073413848877
0.16825556755065918
0.17690181732177734
0.19227337837219238
0.2201554775238037
0.19157147407531738
0.16327595710754395
0.18306684494018555
0.2008678913116455
0.23861336708068848
0.18236994743347168
0.24448037147521973
0.16707730293273926
0.24500226974487305
0.1761479377746582
0.21520376205444336
0.25683116912841797
0.2186903953552246
0.16606426239013672
0.19005537033081055
0.18185067176818848
0.20601797103881836
0.1682577133178711
0.1811356544494629
0.16627955436706543
0.22556257247924805
0.21951937675476074
0.15268206596374512
0.21211004257202148
0.19901061058044434
0.19891571998596191
0.27628588676452637
0.2729685306549072
0.19994401931762695
0.16014790534973145
0.21994423866271973
0.19666814804077148
0.24504470825195312
0.23046016693115234
0.23203349113464355
0.16851091384887695
0.2786271572113037
0.20081138610839844
0.26992321014404297
0.2506091594696045
0.22164678573608398
0.25627779960632324
0.1938636302947998
0.20575881004333496
0.37110352516174316
0.29683351516723633
0.22719693183898926
0.2623751163482666
0.29056882858276367
0.14084506034851074
0.3201272487640381
0.33578968048095703
0.21320152282714844
0.2876250743865967
0.3237721920013428
0.24154114723205566
0.22826647758483887
0.2701559066772461
0.20625901222229004
0.28144311904907227
0.2568016052246094
0.20427250862121582
0.23236632347106934
0.2755427360534668
0.21522974967956543
0.2352004051208496
0.2494218349456787
0.3278210163116455
0.39404869079589844
0.33828115463256836
0.26744842529296875
0.3482944965362549
0.37952518463134766
0.3485431671142578
0.4902322292327881
0.5081610679626465
0.31574249267578125
0.22669529914855957
0.2713301181793213
0.34500718116760254
0.49872589111328125
0.39775681495666504
0.3139321804046631
0.33573222160339355
0.446793794631958
0.2625241279602051
0.27655982971191406
0.27550840377807617
0.2453923225402832
0.4306962490081787
0.4349062442779541
0.3852579593658447
0.25863003730773926
0.25702500343322754
0.27782392501831055
0.38553810119628906
0.38291120529174805
0.28075289726257324
0.27561187744140625
0.3203744888305664
0.2603027820587158
0.31291627883911133
0.3169872760772705
0.33685898780822754
0.2517740726470947
0.30024147033691406
0.3813135623931885
0.2854924201965332
0.27690744400024414
0.24171924591064453
0.4715850353240967
0.47389650344848633
0.3462955951690674
0.35184550285339355
0.30759239196777344
0.2954099178314209
0.5570676326751709
0.562962532043457
0.48578858375549316
0.2775702476501465
0.31998395919799805
0.32270264625549316
0.38301658630371094
0.4028046131134033
0.2901480197906494
0.41710495948791504
0.3890867233276367
0.3324728012084961
0.30490684509277344
0.39819955825805664
0.336789608001709
0.3153412342071533
0.2928347587585449
0.3419468402862549
0.40213966369628906
0.5072464942932129
0.4458932876586914
0.33002638816833496
0.3908238410949707
0.30690598487854004
0.43715810775756836
0.41449546813964844
0.37023091316223145
0.3522355556488037
0.384537935256958
0.26871800422668457
0.3663160800933838
0.3677957057952881
0.5198154449462891
0.3975653648376465
0.31129956245422363
0.32048892974853516
0.2776792049407959
0.4310126304626465
0.33975696563720703
0.3526597023010254
0.5036008358001709
0.2840001583099365
0.2781233787536621
0.2573106288909912
0.33114194869995117
0.29902124404907227
0.3199293613433838
0.41453123092651367
0.36228251457214355
0.28666090965270996
0.30173754692077637
0.33712053298950195
0.2784609794616699
0.26621270179748535
0.25407981872558594
0.2821340560913086
0.36060523986816406
0.34605979919433594
0.3532826900482178
0.31229400634765625
0.29809069633483887
0.24816226959228516
0.3611941337585449
0.3896939754486084
0.4765584468841553
0.3780341148376465
0.34745168685913086
0.6117706298828125
0.28917908668518066
0.715693473815918
0.56754469871521
0.27533698081970215
0.46479058265686035
0.3371541500091553
0.4052107334136963
0.3283207416534424
0.6302199363708496
0.5537352561950684
0.46012449264526367
0.336350679397583
0.32167553901672363
0.3073723316192627
0.6051359176635742
0.5022902488708496
1.1510088443756104
0.4069068431854248
0.7329366207122803
0.7828118801116943
0.861933708190918
0.3295571804046631
0.542421817779541
0.6572620868682861
0.33921313285827637
0.37024998664855957
0.6162211894989014
0.3900578022003174
0.3544604778289795
0.768186092376709
0.5645828247070312
0.3747861385345459
0.7974190711975098
0.6156446933746338
1.1806080341339111
0.4164249897003174
0.7177131175994873
0.6892807483673096
0.4585106372833252
0.7885398864746094
0.7373082637786865
0.6117522716522217
0.7091920375823975
0.43937206268310547
0.7835807800292969
0.7770907878875732
0.6901206970214844
0.35131049156188965
0.3111417293548584
0.5957860946655273
0.687849760055542
0.40670204162597656
0.35718750953674316
0.34891724586486816
0.4031100273132324
0.37533140182495117
0.3669590950012207
0.3665604591369629
0.458282470703125
0.35375261306762695
0.34346961975097656
0.35892534255981445
0.4099924564361572
0.43415045738220215
0.3316164016723633
0.42049264907836914
0.3829042911529541
0.3761148452758789
0.3755466938018799
0.3483567237854004
0.3925347328186035
0.3861696720123291
0.39252376556396484
0.47630929946899414
0.3706662654876709
0.4411427974700928
0.42020320892333984
0.38674306869506836
0.3948671817779541
0.3698546886444092
0.4231412410736084
0.35263800621032715
0.39180707931518555
0.40932226181030273
0.4512217044830322
0.4221799373626709
0.3435359001159668
0.44484448432922363
0.39737820625305176
0.39913296699523926
0.383040189743042
0.432175874710083
0.411729097366333
0.41525959968566895
0.5159671306610107
0.44144320487976074
0.5409524440765381
0.35964536666870117
0.47326135635375977
0.40423154830932617
0.4609081745147705
0.47954487800598145
0.41885995864868164
0.4477415084838867
0.44323205947875977
0.3837611675262451
0.4524261951446533
0.44034314155578613
0.45220470428466797
0.4264352321624756
0.5344448089599609
0.4856083393096924
0.4344370365142822
0.4428417682647705
0.5286858081817627
0.44399428367614746
0.4089984893798828
0.4100515842437744
0.4475228786468506
0.421314001083374
0.44886088371276855
0.5206103324890137
0.43785595893859863
0.5271551609039307
0.4053974151611328
0.4613990783691406
0.38651108741760254
0.4342195987701416
0.4797213077545166
0.4416992664337158
0.4967660903930664
0.4269099235534668
0.4808495044708252
0.44646549224853516
0.4421558380126953
0.5443413257598877
0.5166819095611572
0.560823917388916
0.43449997901916504
0.4257321357727051
0.4685859680175781
0.4547159671783447
0.5262970924377441
0.46001744270324707
0.40795326232910156
0.5481696128845215
0.7209610939025879
0.8128879070281982
0.5362236499786377
0.49866676330566406
0.4990732669830322
0.5308845043182373
0.4741528034210205
0.5507345199584961
0.6771409511566162
0.7123596668243408
0.9805872440338135
0.6091222763061523
0.7426202297210693
0.7320621013641357
0.9850077629089355
1.1146705150604248
0.8594486713409424
0.9863624572753906
0.9844820499420166
0.780961275100708
1.0435943603515625
0.8866860866546631
1.1059110164642334
1.0442571640014648
1.1389429569244385
1.0761475563049316
