28.55
27.84
24.61
21.54
24.67
24.68
25.38
29.76
20.62
29.38
27.94
21.05
26.92
27.62
27.42
29.44
28.25
27.43
20.24
28.19
20.41
20.66
21.99
28.55
23.32
21.99
20.38
28.92
23.17
29.84
22.67
21.71
26.81
23.33
20.19
21.46
27.97
23.48
28.16
29.5
20.61
28.86
21.25
27.02
24.09
29.37
25.26
23.13
27.7
29.59
29.76
24.19
20.16
27.22
25.61
21.5
29.26
27.6
25.68
25.48
24.52
26.18
27.67
23.17
20.5
24.05
24.02
26.66
23.32
28.53
28.16
26.32
26.11
24.89
25.74
24.5
25.72
28.45
20.6
28.93
26.78
22.51
27.57
27.7
28.16
27.0
23.6
23.13
25.33
25.41
21.55
26.6
24.32
26.39
27.98
24.28
29.18
25.87
25.52
21.8
23.43
25.84
22.41
29.39
28.46
27.1
26.88
27.46
27.48
23.38
20.15
27.32
26.68
25.14
21.3
24.63
28.2
24.59
22.35
26.96
25.14
22.37
23.37
23.14
22.43
20.45
28.83
21.31
24.02
23.23
25.92
29.57
20.24
29.89
23.19
26.4
20.02
27.36
25.82
22.57
23.36
27.01
27.86
23.61
24.42
22.65
21.81
23.28
22.76
28.8
27.02
28.02
29.7
25.91
23.45
24.99
28.35
24.5
22.49
28.22
29.76
24.87
24.3
21.27
20.62
24.51
23.42
26.64
24.64
26.7
24.69
20.65
26.68
28.19
24.16
20.33
25.28
26.37
22.02
20.86
26.09
22.14
20.89
22.81
27.88
24.55
29.69
27.39
21.44
25.5
23.91
27.1
27.18
22.64
27.01
29.37
26.77
23.99
29.9
27.61
20.79
24.72
26.23
21.85
25.77
20.68
24.73
22.65
20.74
24.86
24.17
20.15
27.91
23.61
27.03
28.67
26.37
20.68
24.49
27.78
26.94
21.22
20.54
21.43
20.85
25.58
22.49
22.93
26.62
28.46
25.09
28.62
21.34
25.83
24.97
27.25
20.55
25.25
28.45
25.81
22.65
29.38
27.28
27.49
29.99
25.66
26.01
27.75
24.94
21.66
26.22
29.94
24.59
27.71
21.83
25.43
26.51
27.52
26.52
27.05
21.6
28.69
21.86
22.2
29.56
29.68
27.43
21.95
23.53
27.0
24.49
23.77
27.03
27.94
25.57
22.62
27.28
21.36
27.4
20.73
28.8
27.74
28.88
23.05
25.13
22.05
27.19
20.78
26.05
24.44
25.94
22.98
24.97
22.37
24.48
21.68
24.04
26.68
22.66
24.88
25.46
27.42
22.01
27.71
23.97
27.15
20.92
26.54
22.92
21.38
24.86
21.15
29.9
27.75
22.05
20.3
27.43
27.92
20.89
20.07
22.03
23.28
27.12
25.57
28.6
22.36
29.65
26.18
23.1
24.15
29.53
26.57
21.7
26.74
21.64
22.66
22.49
21.1
29.89
21.45
26.49
27.91
24.45
29.8
21.64
26.4
28.73
27.51
26.02
23.69
21.63
29.09
27.76
22.86
24.44
28.12
21.14
27.26
28.38
21.92
20.15
28.31
29.1
24.25
28.84
22.74
23.72
25.36
29.28
29.19
23.22
27.94
28.92
22.56
21.21
27.23
22.39
22.32
27.02
24.0
24.69
28.28
29.53
27.41
26.47
27.64
21.87
26.52
21.45
23.64
28.96
24.93
21.25
28.35
20.29
22.16
29.48
28.5
22.11
25.93
28.5
23.75
21.45
23.51
22.51
24.39
27.26
25.92
29.18
20.54
21.18
20.54
23.97
20.54
26.57
22.42
29.32
20.13
26.33
23.6
28.98
20.94
24.85
25.56
25.6
26.14
24.06
21.37
29.14
22.93
22.17
27.69
26.6
29.42
29.56
25.31
24.0
24.92
21.64
28.58
24.52
22.4
27.86
24.62
22.1
20.26
27.59
29.53
24.15
26.9
29.75
21.51
23.55
22.53
22.28
29.99
25.19
25.57
26.18
22.08
24.23
23.8
29.04
22.07
28.64
22.17
26.93
26.07
28.89
23.27
23.56
24.14
28.15
22.29
24.35
28.1
22.47
21.58
28.7
26.06
25.54
25.8
26.63
25.61
21.4
27.63
21.34
23.98
25.88
29.88
28.36
22.23
21.15
25.1
22.48
28.44
27.78
22.02
20.32
28.19
22.03
27.64
22.99
27.92
24.05
28.32
29.08
20.7
23.23
22.1
26.61
29.47
21.43
20.66
28.79
23.21
26.81
21.46
25.15
26.18
25.0
23.66
29.89
21.31
24.56
29.74
25.49
24.4
29.53
20.31
27.14
29.85
26.9
23.11
20.46
25.47
20.78
26.85
27.85
22.15
22.67
28.36
23.23
26.61
27.78
22.43
27.46
26.78
29.76
27.04
25.81
20.72
29.3
28.85
24.31
20.86
26.97
26.89
26.22
22.76
23.48
22.09
23.42
23.87
29.26
24.02
26.14
29.77
23.42
23.05
29.59
25.0
27.0
26.15
25.01
23.25
24.18
20.16
25.27
25.02
28.18
24.02
24.2
27.57
22.27
21.43
26.57
21.91
26.43
27.45
22.09
23.35
25.33
25.29
27.41
29.61
20.06
28.04
20.02
24.62
24.19
26.5
25.01
28.75
27.64
23.51
22.53
23.09
24.38
24.92
27.25
22.73
24.77
28.18
27.88
23.06
26.04
29.01
27.74
29.82
20.88
22.61
20.47
28.41
20.88
23.47
29.47
23.65
22.55
26.71
28.08
29.87
28.04
22.99
20.3
23.26
26.61
20.75
20.94
21.15
27.1
25.37
23.84
28.04
29.66
26.69
24.68
25.1
22.39
29.66
20.1
23.94
24.01
22.15
23.94
25.22
27.94
24.83
27.68
25.65
27.4
29.4
27.95
24.55
28.37
29.36
25.63
26.11
28.25
25.49
20.71
26.47
24.24
22.87
23.07
23.37
20.15
20.42
20.63
23.21
21.94
24.35
25.84
22.8
27.82
24.94
20.9
20.39
28.75
27.06
25.5
21.3
20.82
25.75
20.06
21.38
23.8
20.33
26.25
23.56
26.75
26.99
24.29
20.97
22.35
25.73
20.68
29.22
27.05
28.42
22.86
29.2
20.96
20.14
23.4
28.66
24.62
21.06
24.51
25.55
20.4
28.23
21.19
28.28
22.46
29.37
26.21
25.66
26.04
26.36
29.82
27.88
29.01
24.8
20.76
21.97
20.72
26.16
27.47
21.52
28.87
27.52
21.12
27.03
25.4
29.36
22.94
28.16
21.1
25.05
21.68
25.56
21.14
25.96
23.88
23.65
26.55
24.76
24.25
21.92
20.44
26.38
22.6
22.47
27.48
21.28
22.01
21.05
23.57
29.89
29.24
21.7
26.78
27.08
22.3
28.09
29.46
26.07
26.65
20.5
26.73
20.66
25.68
21.7
24.18
25.11
28.43
29.9
29.87
26.28
20.47
26.05
29.05
23.16
20.15
28.16
21.0
23.03
22.02
25.32
20.64
28.51
29.03
20.43
21.14
22.83
26.67
23.85
29.62
23.3
21.57
25.34
24.07
26.6
29.68
26.28
29.94
29.79
20.39
28.32
27.12
22.07
21.26
26.57
27.52
28.79
27.61
25.12
21.32
27.0
25.24
28.62
25.92
22.4
20.86
25.09
20.05
23.26
25.11
26.41
27.29
28.97
26.57
27.02
26.91
24.83
24.49
28.29
22.32
21.82
25.38
29.05
29.27
21.93
26.94
20.77
24.97
20.96
28.53
20.04
28.74
28.16
28.62
26.39
22.75
22.4
25.28
20.03
23.99
23.15
26.43
27.72
20.1
29.31
21.41
22.44
27.49
25.18
25.81
23.29
29.05
23.9
20.42
21.94
29.42
27.6
26.19
27.92
29.47
27.42
27.59
26.07
21.13
27.78
29.14
24.9
24.58
21.77
23.62
27.56
26.34
21.28
22.49
29.25
26.48
21.9
25.66
29.45
26.64
22.15
28.62
22.81
23.0
29.98
24.45
22.73
27.55
28.47
20.66
26.42
24.19
27.2
28.75
21.24
27.05
22.77
28.23
26.85
20.89
28.61
20.45
24.33
28.92
29.37
27.38
20.5
28.09
24.68
27.16
28.14
29.58
26.25
25.72
26.25
20.33
24.26
21.99
29.28
27.42
21.15
28.85
29.27
24.47
25.78
27.74
20.22
26.53
24.01
24.44
24.32
23.14
27.21
24.23
21.11
20.29
24.74
22.33
27.36
21.18
23.14
25.83
24.35
26.63
20.92
21.93
25.95
27.09
27.63
21.75
24.42
21.21
27.26
29.27
21.31
25.16
29.34
25.95
20.02
22.73
22.61
20.87
23.69
24.34
20.92
27.26
24.76
23.91
26.83
26.46
27.7
21.93
27.66
26.89
29.12
20.11
21.49
20.56
23.16
21.04
24.23
25.95
20.99
21.5
22.6
23.49
21.13
20.7
24.56
21.81
26.8
26.52
29.52
26.47
23.69
27.68
23.93
28.7
20.71
23.28
23.74
23.18
28.11
27.54
23.22
26.78
23.72
24.07
23.31
22.14
27.84
26.54
28.74
27.13
29.91
25.13
29.31
26.6
20.02
21.89
27.94
26.66
22.5
20.71
25.36
27.78
29.7
24.3
22.62
29.82
26.47
22.13
28.84
26.79
26.72
29.1
23.22
20.17
26.2
20.36
21.27
29.74
23.15
27.04
27.47
27.16
28.96
22.6
24.45
22.34
21.28
26.89
23.41
20.72
26.6
22.64
25.83
20.04
22.14
21.58
28.35
24.55
26.45
22.71
25.61
25.73
21.55
21.51
20.8
29.1
22.48
23.94
25.49
27.75
23.64
29.05
22.05
21.73
27.22
25.03
20.46
27.21
28.36
27.06
21.34
28.99
25.65
23.57
26.41
25.12
23.88
29.01
28.6
24.64
25.18
28.01
24.92
26.86
29.1
29.34
29.61
29.48
27.39
27.45
27.93
25.19
24.43
20.27
23.2
29.06
21.25
20.25
20.33
20.38
28.06
24.22
24.21
20.94
27.25
25.49
20.52
22.15
22.57
24.21
28.71
22.32
25.28
25.58
20.49
27.93
24.41
25.75
25.03
22.54
20.94
24.93
23.63
26.72
28.23
25.26
23.99
22.92
26.98
22.49
24.11
29.83
21.47
24.91
25.48
28.69
26.21
28.09
20.44
22.91
22.5
25.74
27.35
28.76
22.28
27.44
23.22
20.88
29.75
29.59
27.65
29.85
23.82
29.53
25.8
22.74
22.54
24.38
29.06
24.82
23.42
24.7
24.14
24.58
28.53
29.79
29.51
28.77
25.12
27.9
21.54
27.0
22.51
25.28
20.13
24.83
26.39
25.21
25.74
23.07
26.97
26.62
29.32
24.35
20.58
24.04
22.97
29.48
20.99
23.64
20.22
22.39
24.37
24.58
22.34
27.32
22.42
28.63
25.63
28.44
23.4
24.45
26.55
25.84
27.39
20.05
24.83
23.76
21.93
23.36
21.92
25.26
26.87
20.74
28.89
27.88
20.1
24.22
24.39
22.35
27.71
22.9
26.53
20.62
24.47
25.28
27.17
24.21
26.8
26.29
25.81
21.7
26.18
27.53
28.06
28.81
22.73
25.22
28.76
27.79
25.9
23.34
20.39
20.13
20.19
27.36
26.83
27.95
28.7
24.51
26.01
28.32
20.61
25.13
20.47
22.19
25.28
26.46
27.85
26.46
29.11
25.41
28.9
23.48
24.28
24.88
27.09
20.09
23.99
25.71
23.1
28.94
28.4
25.47
23.72
29.34
21.17
29.64
20.26
25.07
28.49
20.25
23.33
22.49
23.89
24.87
26.28
27.96
28.25
27.97
28.78
20.96
25.02
24.3
23.9
25.07
20.81
24.25
27.91
22.18
23.41
29.44
23.89
27.06
29.25
27.33
21.92
28.99
20.47
29.82
21.94
21.82
27.22
28.52
26.72
23.05
27.31
24.89
29.03
24.65
21.81
23.14
25.17
22.22
24.69
20.82
22.88
23.37
23.68
28.24
25.65
24.42
26.23
29.27
25.95
27.46
23.29
29.97
27.98
22.07
27.6
28.33
25.35
24.33
29.83
24.35
27.67
22.1
27.0
22.98
20.93
27.97
24.06
28.66
27.46
21.27
20.97
26.71
27.53
23.9
22.09
22.27
22.04
28.11
21.67
28.39
20.88
26.89
26.55
20.19
22.37
24.85
25.46
26.53
20.4
26.74
27.52
20.77
26.42
22.35
28.56
27.61
29.9
27.75
28.09
21.51
29.36
23.88
28.3
25.41
25.9
28.95
26.88
25.65
24.94
22.79
28.06
24.03
23.66
23.98
21.58
20.67
23.83
22.5
23.27
25.82
24.36
20.46
29.62
28.5
23.02
28.43
22.12
27.29
27.98
20.84
22.16
20.75
20.09
23.76
29.64
26.32
29.0
21.06
28.34
23.71
25.24
22.5
21.76
28.41
29.61
28.04
27.44
26.52
26.01
22.11
25.52
24.7
23.63
21.84
26.98
28.25
26.93
24.8
28.62
26.07
24.88
25.92
26.26
21.29
26.46
27.09
27.3
21.3
23.21
28.47
24.4
23.72
21.41
22.42
20.21
28.92
20.85
26.54
20.29
29.71
25.3
27.93
24.29
24.72
23.86
23.75
24.73
29.19
21.59
21.99
27.28
20.04
27.16
24.19
22.3
21.16
24.37
29.29
25.93
21.08
29.79
20.67
23.43
20.81
28.81
25.23
21.74
22.73
27.92
26.45
24.77
22.86
27.1
28.24
23.78
22.99
29.35
23.32
26.56
22.2
23.93
28.74
22.5
29.16
21.49
23.65
23.77
21.95
29.48
22.91
23.75
20.16
20.58
28.07
22.53
29.15
23.64
24.69
23.19
21.34
24.3
24.64
27.79
25.37
27.0
22.06
24.73
28.56
20.8
21.54
23.7
20.1
25.22
24.67
23.45
26.98
22.03
20.66
25.02
25.91
26.83
21.19
28.11
24.94
28.26
28.44
23.81
21.43
28.38
29.01
27.15
26.4
21.58
20.73
28.78
25.01
26.11
28.51
23.51
20.21
26.31
29.95
29.09
21.82
20.62
27.41
27.02
29.53
23.49
25.28
20.58
27.67
26.43
23.81
21.07
25.95
26.5
28.22
28.25
20.1
22.42
24.97
24.0
29.98
23.16
26.19
24.94
21.69
24.32
23.19
28.59
21.1
22.04
24.78
27.85
25.32
29.75
25.75
25.89
27.64
28.73
20.96
25.62
27.43
22.99
26.91
21.1
25.79
23.7
27.54
26.05
29.18
27.99
27.76
23.56
21.89
22.39
20.38
28.61
29.74
27.6
22.19
21.89
29.08
25.24
28.75
21.4
25.38
22.61
24.96
29.44
24.46
20.8
21.17
20.53
22.06
25.09
23.79
23.19
28.48
27.16
21.84
22.27
25.07
28.29
26.46
23.5
28.81
27.09
29.13
25.4
21.12
22.05
24.89
23.46
27.49
21.54
26.1
27.23
29.23
23.64
24.07
22.23
26.0
27.2
25.19
22.68
29.0
26.23
20.85
28.78
28.55
20.91
28.57
28.96
22.99
22.33
21.86
20.75
27.2
28.28
21.71
21.04
22.0
27.27
22.49
29.4
27.23
22.59
29.31
28.9
25.96
24.86
21.68
23.3
20.69
24.71
25.4
28.74
21.83
22.26
24.27
26.98
27.49
20.5
22.77
22.75
23.21
27.91
20.66
24.28
20.85
26.08
23.45
20.16
25.17
22.0
29.05
24.73
23.42
23.51
21.04
21.65
27.99
29.32
22.31
21.66
25.12
27.01
24.24
23.97
20.56
28.19
27.02
24.85
21.57
27.7
23.18
23.79
29.7
25.16
23.23
20.35
22.57
25.36
23.53
24.83
20.49
22.35
22.39
24.75
26.97
20.48
28.0
27.88
23.9
20.97
27.04
29.2
28.28
24.68
26.61
21.09
21.33
24.25
29.41
22.34
28.68
28.52
25.7
27.09
24.27
25.94
22.42
29.96
25.43
26.18
25.12
23.24
25.01
28.33
28.4
25.3
23.82
26.36
27.52
28.41
26.28
22.96
28.18
23.3
22.47
23.14
25.0
20.05
28.01
28.45
24.72
22.3
20.16
23.41
20.65
23.06
22.11
27.01
27.22
29.54
23.97
21.28
26.04
20.11
24.82
25.92
23.48
20.93
29.33
22.66
28.5
22.68
27.43
25.66
29.47
26.77
24.52
25.9
26.93
29.97
29.94
28.76
22.28
25.07
27.54
28.5
20.28
25.4
20.89
25.68
24.2
23.8
23.96
20.68
27.02
27.95
23.83
26.78
27.89
26.52
26.17
28.02
25.97
24.92
23.42
25.22
29.17
25.86
28.58
26.41
25.03
29.44
24.08
23.16
21.61
22.51
27.34
27.14
24.67
25.7
23.26
23.67
24.87
28.44
24.1
20.6
20.31
24.3
27.67
29.52
25.22
29.97
23.26
25.21
28.05
24.13
23.32
23.22
29.48
20.3
20.34
20.22
22.05
20.24
27.76
29.25
29.9
22.84
21.87
25.81
28.38
26.21
28.47
23.15
21.33
21.29
29.52
28.81
22.79
25.76
23.31
26.49
29.5
22.68
21.08
22.65
23.77
25.53
25.32
28.08
24.66
25.47
29.64
21.73
22.06
20.51
21.23
22.15
26.02
26.93
24.46
24.68
23.87
22.79
20.33
24.05
24.62
29.8
20.75
26.21
26.01
28.54
27.95
25.53
26.34
20.15
27.22
29.45
26.35
25.32
29.15
29.35
24.69
27.82
27.33
23.66
24.27
21.13
21.3
23.53
28.37
21.3
22.04
26.79
24.3
23.97
25.2
29.98
23.03
24.23
23.01
28.5
26.1
22.06
24.02
28.02
27.19
26.76
26.78
27.27
25.95
29.11
25.4
21.9
25.46
20.28
27.44
26.74
22.17
25.3
24.12
24.87
26.62
25.3
22.06
20.94
25.94
24.46
29.62
29.82
29.53
24.18
22.29
20.0
20.13
28.51
22.68
20.97
29.8
22.5
29.18
29.14
20.52
27.64
22.36
25.87
27.46
21.82
26.1
28.92
26.69
24.94
25.94
29.98
28.42
28.62
27.31
29.02
22.34
22.32
23.73
22.0
24.79
23.59
22.95
29.46
25.17
29.43
29.95
28.88
21.4
20.28
25.05
25.58
23.0
24.05
21.84
25.42
29.87
21.17
23.44
26.81
28.08
25.15
23.41
20.85
21.99
20.4
25.19
21.07
25.26
20.51
22.37
25.85
24.49
24.28
23.77
20.29
25.65
26.56
22.84
25.29
23.88
28.7
20.92
21.63
23.07
29.8
27.77
22.15
25.46
21.06
27.43
25.26
25.52
27.15
21.03
27.66
28.0
26.19
21.42
26.04
21.53
27.67
21.58
26.46
29.55
20.15
24.91
20.74
21.85
29.9
24.55
20.05
24.18
22.08
26.71
23.54
28.16
27.64
26.67
24.18
25.27
23.94
26.21
22.13
27.26
29.09
26.43
26.24
28.09
26.34
21.88
29.99
21.66
28.48
25.83
29.09
24.53
27.54
26.38
25.05
25.6
25.51
25.46
20.34
27.6
27.01
24.54
21.16
23.53
29.17
28.72
23.59
25.94
26.27
20.72
29.51
28.75
28.13
29.34
23.24
27.83
27.1
27.77
21.6
25.9
24.17
24.43
24.86
20.25
21.4
29.02
28.74
21.25
27.72
20.37
28.95
21.8
20.47
22.62
27.1
23.7
22.06
29.1
24.11
20.38
21.72
28.27
25.1
26.93
21.69
22.2
27.16
29.72
25.17
29.0
26.24
26.2
27.81
22.03
22.34
22.32
24.7
22.54
26.42
21.92
20.19
25.91
21.08
22.9
21.56
23.31
22.88
29.27
25.62
26.46
20.28
29.19
29.95
20.98
27.1
21.62
22.25
29.57
21.26
23.76
20.11
21.6
26.47
25.83
20.58
24.49
29.49
25.79
29.48
22.77
28.42
26.93
21.89
20.67
20.79
26.19
29.87
27.6
27.82
20.74
22.76
20.3
27.04
25.63
23.78
28.16
24.9
23.16
25.1
24.01
26.84
27.58
27.66
24.39
21.05
25.55
29.16
21.26
24.23
23.68
22.54
20.5
29.95
28.36
24.47
27.71
21.44
28.79
25.37
29.11
26.99
27.66
22.78
27.33
27.57
28.8
27.54
29.65
25.02
23.37
26.37
21.09
29.37
20.9
28.97
25.98
23.8
24.28
21.57
27.18
20.68
28.99
29.99
25.57
23.78
26.84
23.75
24.65
25.74
22.8
29.94
23.58
25.31
26.86
25.64
25.66
23.49
23.97
27.0
29.57
22.47
20.5
26.64
29.25
26.42
20.55
27.66
25.12
24.84
24.77
21.09
22.16
20.38
29.42
26.77
20.42
26.31
24.05
21.39
21.61
27.32
26.74
22.49
28.31
26.49
20.59
29.02
29.81
20.21
26.09
21.06
27.78
23.19
24.3
21.06
27.59
21.4
22.12
25.2
26.54
22.28
25.27
22.29
24.97
29.28
21.44
26.34
25.34
26.08
29.49
23.82
21.67
26.58
29.83
27.82
22.97
25.14
20.6
24.29
21.39
27.79
28.39
21.79
21.35
26.13
26.4
25.02
28.42
20.67
25.63
29.21
29.76
23.81
20.92
28.34
27.97
21.4
20.14
24.87
23.09
24.83
26.86
29.51
20.17
22.64
23.91
20.51
22.14
24.62
27.24
28.75
26.78
25.4
25.19
27.86
22.52
21.51
23.86
24.7
23.89
21.65
21.04
21.05
24.0
21.14
28.96
27.75
26.77
26.89
26.74
29.26
29.39
28.26
22.56
24.57
25.66
21.36
27.2
21.68
24.76
23.63
25.28
25.96
29.22
23.89
21.96
21.32
20.11
22.19
22.34
29.17
27.52
28.21
26.51
24.41
26.8
24.53
21.67
21.28
23.19
28.38
25.81
27.88
22.99
24.97
29.58
20.24
25.83
24.09
22.63
25.37
26.65
24.83
27.28
21.3
28.38
29.07
29.25
22.08
28.02
20.69
26.74
27.02
20.41
26.86
27.97
29.33
24.16
24.56
27.25
21.95
25.07
26.5
26.69
20.04
23.83
21.27
28.04
24.18
23.44
26.09
28.63
21.74
26.21
24.46
21.71
25.21
27.64
25.13
29.99
29.52
22.54
23.03
24.71
23.38
22.05
25.18
21.92
27.82
28.11
24.18
28.28
22.77
28.2
29.12
24.91
22.9
20.97
23.83
28.5
28.45
25.77
29.8
25.79
24.11
27.94
27.89
27.2
20.51
21.06
21.16
26.3
21.87
23.82
22.79
22.7
27.51
22.84
24.73
27.82
20.35
23.77
25.37
28.96
21.14
21.68
27.31
27.2
23.98
24.78
27.4
22.51
23.47
25.59
26.09
26.8
21.56
29.49
20.26
28.44
22.8
22.53
28.67
24.04
28.38
28.85
28.55
25.22
21.55
20.25
25.9
24.84
22.78
25.9
26.86
25.83
21.73
24.02
25.67
28.43
28.64
26.35
21.94
21.92
27.63
26.66
24.24
25.73
29.73
28.37
26.54
26.41
28.89
26.65
22.97
27.51
25.01
20.98
26.54
29.97
25.46
28.04
20.31
25.8
29.23
23.55
27.28
27.92
20.01
22.39
25.97
23.75
21.35
28.17
29.64
29.07
23.94
26.33
25.97
20.07
29.52
27.28
28.09
26.23
22.79
28.81
27.54
24.23
26.16
28.28
28.95
29.37
23.77
29.66
20.11
25.24
29.8
23.24
28.79
20.09
29.75
28.68
21.99
20.55
20.46
25.39
20.9
27.51
29.0
25.34
29.15
23.1
27.57
22.79
28.47
28.01
28.01
26.49
21.38
23.73
26.07
22.36
27.01
27.62
24.43
20.17
21.7
22.29
28.97
29.32
21.16
27.15
20.06
29.88
21.56
23.78
21.72
22.61
28.19
29.63
27.45
27.37
24.42
22.17
24.95
20.16
22.37
25.09
21.02
28.37
20.08
26.85
21.87
23.82
20.26
23.66
27.58
26.24
21.4
23.75
28.57
23.76
23.11
25.65
21.27
21.15
21.71
20.71
21.34
29.67
21.09
27.78
20.17
27.69
24.67
25.22
25.22
21.42
20.48
24.05
21.72
20.22
25.05
25.46
22.98
29.22
24.3
26.12
21.83
23.69
29.72
21.07
29.74
27.63
26.09
20.12
25.44
25.14
21.59
20.88
24.31
25.71
29.0
22.95
21.08
22.69
22.35
22.83
29.26
29.43
24.11
20.9
24.52
24.84
28.4
26.89
24.97
27.23
20.12
26.58
21.14
28.49
22.39
24.84
26.76
25.34
24.57
23.52
20.85
25.88
26.23
27.24
22.72
26.37
23.65
28.53
20.71
27.46
21.39
27.69
26.44
27.34
29.61
26.24
29.72
25.71
21.39
28.05
27.36
21.5
27.2
22.99
27.84
29.71
23.94
20.69
28.28
23.68
22.09
27.2
24.45
29.16
24.85
29.44
23.32
20.67
22.24
27.22
25.82
23.49
29.68
24.49
29.97
25.83
22.35
27.01
27.88
23.06
23.29
26.71
21.54
20.87
29.48
20.58
20.36
27.52
24.28
25.29
20.3
25.21
23.35
21.24
25.82
23.51
29.19
27.31
25.07
24.85
21.58
22.06
23.19
24.77
21.32
29.45
22.99
24.39
22.03
26.6
28.03
26.09
22.8
23.83
27.74
29.6
25.96
21.71
26.34
21.84
20.63
22.87
20.79
28.17
26.54
22.59
22.02
27.74
28.12
28.78
21.77
23.92
24.8
25.2
24.74
27.22
28.11
21.5
25.17
20.84
22.4
28.45
21.16
29.85
25.91
22.4
22.03
20.66
27.88
25.2
22.22
24.83
21.02
24.26
28.9
24.03
26.2
25.26
20.55
28.87
25.4
20.7
26.43
29.24
25.7
21.79
27.98
27.0
20.97
25.13
27.49
24.29
22.9
25.86
26.65
20.99
20.7
22.45
25.39
23.69
29.7
20.55
26.25
29.94
29.88
27.68
26.44
28.35
28.49
23.85
29.8
24.57
21.07
28.92
28.4
27.94
20.2
26.51
21.27
21.32
26.68
26.34
26.75
20.0
22.8
20.38
29.97
29.54
21.04
22.8
27.06
24.74
27.72
21.82
23.55
20.97
24.3
21.22
20.54
27.15
26.28
24.79
28.05
28.93
28.48
23.71
21.29
25.18
26.22
28.11
26.74
21.32
22.16
24.47
29.72
28.1
27.86
23.02
29.38
26.35
20.07
21.28
20.17
25.62
29.03
22.71
28.59
22.47
29.3
28.57
26.67
22.27
21.59
20.3
26.72
21.1
25.39
21.09
26.93
28.64
22.75
29.78
22.37
27.22
28.49
25.86
20.21
26.2
21.82
26.97
24.22
27.79
22.36
26.33
28.39
27.88
29.96
24.91
29.51
25.57
22.37
25.91
28.82
24.65
24.29
24.01
28.87
20.1
28.2
28.67
28.58
26.9
23.07
21.72
28.13
20.61
25.85
25.61
23.28
28.57
29.34
28.05
24.56
22.63
26.32
23.24
27.88
24.35
27.43
24.24
26.61
20.7
21.87
28.95
22.9
22.43
24.84
24.08
22.05
23.68
20.64
23.63
27.37
22.89
23.7
29.34
25.42
27.8
29.19
28.62
23.84
29.95
28.69
20.45
29.03
22.18
22.41
28.14
27.98
26.87
22.79
28.52
21.89
24.73
26.48
29.19
24.04
29.87
28.7
26.09
25.6
25.98
27.54
24.49
29.02
29.02
20.73
23.65
29.46
29.28
29.66
20.95
24.04
21.95
24.2
23.24
20.39
22.37
24.43
28.39
26.05
22.6
29.99
27.02
23.61
27.49
20.47
23.48
26.88
29.73
28.72
28.98
25.3
23.22
21.27
27.77
23.38
23.62
23.67
26.37
20.76
20.74
27.82
22.42
20.81
22.8
29.04
28.27
28.96
21.13
24.24
26.56
23.62
26.88
23.01
20.74
24.69
29.88
23.74
27.86
21.44
26.72
25.43
29.83
26.43
21.35
21.58
25.62
29.4
22.02
28.19
28.93
21.8
24.38
29.52
23.18
24.44
24.34
20.39
20.89
21.71
27.17
21.26
21.31
23.22
22.88
24.56
28.09
25.39
23.73
25.45
23.98
29.61
23.87
20.39
26.3
23.86
21.87
23.36
22.67
20.49
25.79
29.47
21.79
22.1
26.1
20.64
26.1
28.74
21.39
29.02
27.56
25.61
28.03
20.74
25.92
20.29
29.72
26.06
23.26
29.34
22.57
23.11
28.68
21.93
26.09
25.33
21.46
26.17
28.65
26.89
23.84
26.37
21.25
23.15
29.06
26.62
27.75
20.11
25.02
22.65
29.51
21.57
29.56
22.86
27.66
20.21
25.29
25.52
25.26
21.78
22.13
28.94
21.31
24.34
20.69
28.85
22.9
28.1
20.46
28.34
22.86
27.09
23.52
20.58
23.98
25.55
28.78
22.1
24.4
21.89
22.49
23.18
25.17
20.67
25.83
22.11
25.99
22.01
24.2
27.24
27.16
20.23
24.33
25.4
24.41
20.15
20.49
26.52
29.58
29.03
22.26
23.8
21.66
27.03
29.98
25.75
27.48
21.77
24.36
20.93
20.11
28.06
26.2
23.16
29.66
29.28
26.2
23.71
22.39
27.31
26.14
21.06
20.65
25.74
23.02
21.94
24.62
29.35
26.16
21.71
20.04
29.42
20.65
24.89
25.51
24.1
22.98
20.79
26.27
22.65
23.72
23.4
26.92
29.36
26.61
20.2
29.69
20.03
22.64
22.35
26.61
20.49
21.52
27.11
27.38
25.02
21.95
20.83
28.33
20.18
24.81
26.44
25.39
25.63
27.55
29.87
24.01
23.09
25.53
27.5
29.51
27.63
29.94
28.26
24.86
23.31
21.62
21.99
22.99
20.99
30.0
20.55
21.28
29.2
25.87
21.19
23.74
22.55
25.6
26.53
24.4
27.2
21.1
25.86
27.92
23.14
27.0
27.09
24.21
25.71
23.95
27.27
22.83
25.77
22.71
25.69
29.48
23.67
20.76
25.54
21.94
28.15
27.73
25.55
27.28
24.55
28.57
24.65
27.45
20.89
26.24
25.96
22.91
29.13
25.49
23.62
22.41
27.12
26.47
28.2
22.1
26.19
23.48
28.73
25.9
20.79
29.42
24.61
28.99
20.87
26.65
22.91
27.69
27.04
29.15
23.03
23.45
29.66
22.52
25.02
24.45
20.03
25.42
23.35
22.67
25.52
26.1
27.7
26.82
25.42
24.05
25.22
20.07
22.66
25.84
21.93
26.49
28.81
23.23
29.68
21.67
29.81
22.42
21.56
24.45
28.22
26.54
29.42
27.4
29.46
26.32
21.68
20.53
22.83
27.7
24.91
24.8
23.8
20.2
26.31
20.5
22.82
29.17
23.11
25.82
21.68
28.12
25.36
26.53
28.68
20.02
20.61
24.88
29.97
25.53
26.55
28.61
24.98
23.69
25.9
20.15
25.58
23.62
28.68
26.31
27.34
25.8
24.32
20.99
20.43
24.28
21.1
28.82
28.96
24.84
20.56
28.85
25.78
20.4
24.62
29.24
27.72
24.28
26.5
20.44
23.55
28.31
23.41
26.83
23.01
21.68
20.88
23.88
24.45
21.91
23.19
23.98
22.93
27.32
24.25
22.83
25.81
26.42
28.41
29.12
22.37
29.67
29.14
26.28
20.84
24.38
22.56
24.83
26.51
26.81
25.81
25.96
24.62
23.56
25.63
28.32
23.36
25.77
26.46
23.73
21.1
27.64
27.72
22.82
29.9
23.5
24.58
28.87
28.9
25.66
26.34
28.38
20.07
28.5
28.55
24.46
23.24
24.3
27.02
22.65
25.3
23.04
23.65
22.27
28.99
27.19
29.29
25.93
27.59
23.18
28.77
23.76
22.54
23.05
29.49
24.86
26.08
24.34
24.45
29.43
22.18
27.83
28.45
21.66
22.52
29.94
27.49
28.08
22.73
29.67
26.69
27.7
20.47
20.1
29.37
27.54
23.08
26.41
24.52
25.06
22.35
27.18
23.05
23.02
23.08
29.81
22.26
23.11
22.09
27.22
27.5
25.73
26.9
26.49
24.07
23.93
20.6
24.38
22.44
22.74
20.66
29.92
22.95
20.66
24.4
23.35
26.17
25.95
21.41
24.2
25.74
28.02
20.62
23.3
27.52
24.78
23.86
27.4
21.3
20.16
21.84
21.44
21.1
21.34
21.04
24.75
27.99
29.44
25.63
20.2
25.47
20.99
29.48
25.98
21.01
22.34
25.59
20.3
20.44
22.25
23.6
21.29
21.75
22.87
24.65
23.6
25.65
29.05
23.38
20.86
23.95
29.98
26.73
27.41
27.2
20.59
24.54
29.47
25.64
21.26
29.95
26.07
21.7
25.38
27.05
21.34
24.55
26.07
24.09
27.82
20.8
20.31
28.24
24.63
29.64
22.12
27.97
22.72
28.68
24.91
29.33
27.86
28.33
22.78
23.49
21.54
25.37
26.98
27.63
23.41
28.81
25.96
28.35
20.88
28.78
23.38
22.75
22.78
24.65
22.39
26.95
27.32
23.58
29.73
28.48
29.45
27.45
27.28
29.78
27.21
21.87
25.3
20.82
27.1
25.43
25.47
22.91
26.84
20.91
22.12
26.55
28.31
28.3
22.87
24.94
29.03
26.56
28.72
29.42
20.82
25.62
29.2
25.62
21.96
22.29
22.18
25.21
29.91
22.48
24.6
26.87
23.69
26.42
23.4
20.06
21.82
20.49
23.73
22.36
21.46
20.11
23.29
25.18
28.02
28.35
26.97
29.56
24.77
28.24
25.43
24.49
27.82
29.14
22.11
24.12
26.26
23.38
25.64
23.48
28.75
24.52
21.22
24.95
26.75
20.44
24.64
26.89
23.07
22.16
29.88
22.85
25.87
20.9
26.99
20.55
29.29
23.74
27.01
26.11
26.68
28.51
22.19
27.37
20.31
24.2
25.38
20.8
29.93
22.57
29.0
22.8
23.9
21.91
21.54
29.98
21.86
23.3
26.43
23.56
27.38
28.92
23.52
28.93
26.33
29.22
20.62
22.49
28.28
26.32
27.74
20.22
24.11
24.0
26.72
26.0
23.77
27.33
22.72
27.51
25.76
27.52
22.63
28.79
24.55
25.96
20.15
29.88
25.13
25.27
28.65
23.53
24.74
23.03
25.8
28.08
21.93
28.27
22.04
20.18
28.48
22.55
22.84
22.86
22.97
29.4
29.56
24.62
22.53
29.96
22.73
27.04
26.51
21.51
23.77
22.65
29.15
28.09
28.46
24.13
23.36
21.66
22.56
27.1
22.9
27.82
27.07
22.32
23.68
22.8
22.78
24.4
24.83
27.16
28.02
29.72
24.6
29.78
26.16
29.39
21.43
21.35
24.91
26.93
24.41
24.4
27.91
26.82
29.55
29.13
23.08
21.2
21.61
22.63
26.45
29.31
28.24
21.64
21.2
28.99
28.65
24.5
23.5
24.83
22.3
25.13
23.98
28.64
21.92
21.55
23.77
21.74
26.37
29.12
20.59
26.18
24.07
27.63
23.3
25.99
26.46
26.69
20.46
29.37
22.24
24.07
21.36
25.32
22.05
23.4
20.73
24.9
20.96
25.99
27.18
22.67
23.95
26.2
21.18
25.86
29.93
27.64
20.59
23.53
23.99
29.33
25.63
25.33
22.28
25.82
20.73
22.72
20.86
26.63
20.11
29.99
29.72
23.31
23.58
21.12
24.91
27.24
28.61
26.33
25.33
29.61
21.97
29.4
21.77
23.92
20.71
28.14
26.54
22.71
21.06
20.93
23.69
28.08
21.41
20.61
24.93
27.69
28.34
25.6
25.6
21.61
22.53
29.56
27.66
20.33
27.35
28.23
24.84
21.62
24.08
24.09
22.48
28.62
20.82
24.73
25.59
20.67
24.47
28.24
20.53
24.91
23.36
29.8
20.95
26.75
24.62
27.66
29.27
28.23
23.88
21.72
24.14
27.98
28.62
21.92
20.35
22.05
26.51
27.29
29.31
27.71
23.19
28.18
21.74
26.49
26.74
29.63
26.44
22.01
21.09
21.3
23.25
20.58
29.27
20.56
20.09
25.06
20.73
20.19
24.54
27.82
22.9
27.22
27.56
28.2
28.22
20.51
25.19
29.87
21.08
22.16
26.1
26.11
23.99
23.35
22.38
21.89
23.51
28.84
22.04
28.91
21.77
20.1
27.04
20.39
24.97
25.88
22.63
21.81
28.53
21.41
27.8
21.93
28.06
20.42
29.44
20.91
23.4
22.94
29.33
29.08
23.8
20.74
21.39
23.23
25.15
27.59
23.01
26.37
25.6
29.02
21.39
27.17
25.37
24.11
23.62
20.68
28.25
21.84
25.4
24.25
23.14
27.21
22.2
20.0
21.23
21.48
24.11
29.79
28.21
25.06
20.25
28.55
20.4
21.09
20.22
22.28
25.31
24.09
27.35
29.76
29.09
20.76
24.1
29.42
28.82
24.58
23.4
28.64
23.21
28.61
20.07
21.44
22.21
29.99
25.23
28.8
29.08
25.96
22.63
26.21
20.13
20.67
28.6
25.76
27.08
26.53
21.03
25.18
25.76
21.64
22.19
23.76
25.42
25.36
21.04
28.14
21.2
28.94
27.12
29.89
29.1
21.15
26.71
22.61
23.39
22.71
27.31
23.48
21.79
23.6
24.19
21.36
29.84
26.58
26.47
29.57
23.59
28.2
23.43
20.41
27.64
29.2
23.15
23.28
25.12
25.62
25.01
21.79
20.23
25.75
21.26
27.5
25.76
28.74
22.4
23.72
23.8
26.37
27.02
27.72
21.08
25.16
24.11
21.07
27.85
28.52
28.35
27.63
25.72
28.14
24.08
25.35
29.66
29.06
29.85
20.67
23.95
21.11
22.55
26.12
27.52
21.3
29.52
28.63
26.21
29.95
21.01
27.07
23.35
21.03
23.2
27.51
26.7
27.22
27.95
24.02
21.9
26.19
20.4
23.47
25.22
21.92
22.85
26.51
26.21
23.83
27.56
28.74
28.2
21.07
29.25
24.43
21.57
24.04
24.09
26.65
21.21
24.66
26.27
29.99
29.66
22.09
24.18
27.52
20.55
28.28
29.37
27.41
20.9
25.72
25.43
26.21
26.96
23.26
28.03
29.53
26.3
29.6
29.48
29.03
21.41
27.02
25.47
22.19
27.6
28.77
27.05
29.28
25.76
21.82
28.02
24.37
20.35
22.75
28.5
22.2
23.98
25.68
24.78
22.28
20.58
20.88
21.88
23.17
22.22
21.99
25.24
26.41
25.83
22.61
27.82
28.62
27.44
27.0
25.42
21.89
27.71
24.12
28.41
23.29
27.82
20.93
25.77
21.13
20.71
29.25
20.44
27.34
25.31
29.28
20.71
29.21
24.8
29.3
21.13
22.49
29.1
27.08
26.28
24.9
28.57
27.57
26.57
28.54
25.87
22.25
25.55
27.34
22.41
24.1
23.87
21.35
26.96
26.12
26.06
23.45
21.89
26.3
26.48
24.08
27.02
20.96
27.2
25.58
23.07
21.71
21.26
26.1
21.59
20.38
27.79
21.36
20.94
20.41
22.15
21.18
20.85
22.57
23.25
27.72
27.77
21.63
27.43
27.52
21.66
22.51
22.32
26.22
22.35
25.9
21.35
21.3
25.88
22.94
26.4
28.11
27.54
20.41
25.02
25.96
24.11
29.5
29.13
20.72
25.56
25.82
29.92
29.04
21.46
22.06
26.4
22.59
28.37
21.16
24.33
26.86
21.2
22.45
21.51
28.69
24.78
25.44
25.12
23.17
23.38
28.81
26.16
22.9
22.94
29.79
29.22
21.15
21.85
22.72
25.25
24.78
26.94
28.56
28.34
22.86
22.87
27.03
27.9
29.04
20.76
28.68
27.4
26.31
22.23
21.08
24.23
29.14
24.21
22.74
21.63
26.01
24.63
25.83
27.86
20.24
26.23
26.5
26.26
24.54
26.48
25.71
29.5
20.32
20.6
23.61
28.34
24.71
21.89
29.78
28.59
22.37
29.64
23.55
29.54
26.71
23.54
25.9
27.78
25.37
25.05
23.01
20.13
24.87
27.44
21.75
28.18
24.28
24.63
23.25
24.37
27.81
21.56
25.33
23.98
26.43
27.08
22.1
26.54
23.59
29.27
21.58
22.96
26.75
20.67
22.59
21.78
27.62
21.56
29.74
21.25
22.29
22.65
22.49
25.74
27.55
28.52
23.83
21.38
23.42
20.57
22.14
26.31
23.53
23.52
26.83
22.16
26.04
27.07
23.7
22.12
21.25
28.8
27.86
24.62
28.01
20.51
29.72
23.93
28.87
20.21
24.18
28.15
23.16
27.24
22.0
25.7
21.83
22.33
20.95
21.37
26.53
22.72
25.09
29.77
22.05
26.28
24.5
29.63
26.41
23.82
23.52
21.15
26.33
21.16
28.15
23.78
27.89
26.38
26.27
22.32
26.87
24.93
23.19
29.11
29.02
29.46
26.29
28.18
27.19
29.54
29.51
23.01
25.98
26.0
24.74
25.19
29.93
21.58
21.53
20.47
24.61
26.8
28.6
27.4
27.04
28.53
28.66
28.37
24.05
25.1
25.57
23.7
22.66
20.69
22.34
23.7
24.45
25.84
23.72
23.24
26.89
29.46
25.71
28.46
24.16
27.02
29.7
26.75
21.85
21.3
27.84
20.93
20.54
21.84
27.02
20.71
26.98
21.02
29.43
24.93
24.51
22.14
25.06
28.38
25.34
27.04
27.39
20.58
27.66
27.44
28.05
28.56
26.94
25.47
26.62
28.78
24.76
20.61
26.86
24.74
24.32
29.18
22.6
28.67
26.99
21.49
27.89
20.13
23.16
29.79
24.41
27.48
27.56
29.04
22.56
29.32
21.51
26.76
21.78
20.55
20.33
26.24
29.73
27.24
22.31
21.45
27.02
22.76
29.69
25.67
23.21
29.94
26.62
20.28
26.5
26.85
29.47
28.94
25.81
25.64
25.01
29.29
26.42
25.55
24.26
24.29
21.99
20.52
24.33
28.93
26.34
29.3
20.48
21.56
29.59
28.2
21.79
28.08
22.99
27.41
21.54
26.15
24.03
20.83
20.29
29.48
28.69
23.95
20.38
26.9
23.42
22.02
24.36
22.52
22.69
29.31
23.97
22.15
27.59
22.7
29.44
25.96
20.92
22.64
27.7
25.31
29.84
24.73
22.53
28.57
22.98
22.23
24.77
20.71
23.6
29.53
25.02
27.39
28.88
22.8
21.78
29.86
25.47
27.64
22.48
22.39
27.4
28.5
22.39
24.47
22.38
29.63
24.67
25.72
20.18
21.57
21.86
23.5
23.72
23.49
24.05
28.78
25.25
28.56
28.8
26.6
23.59
20.47
27.5
25.0
28.62
20.5
20.24
21.96
27.24
29.99
21.92
21.52
29.61
22.61
25.16
26.47
28.18
28.92
25.24
24.89
29.99
21.81
28.16
21.24
24.21
21.5
21.99
23.65
21.43
25.36
25.62
23.29
27.06
22.61
22.42
29.46
23.26
28.39
28.44
26.68
28.63
21.91
20.62
26.2
20.05
23.34
21.66
22.45
21.98
26.35
29.84
28.24
29.69
26.56
22.95
23.7
27.66
23.97
25.6
24.73
23.46
20.12
21.85
20.02
21.74
26.19
27.51
23.4
21.93
22.18
29.78
29.82
28.82
20.66
24.61
27.37
21.91
21.45
20.76
26.46
22.94
27.81
24.06
22.61
24.07
23.1
23.67
23.64
29.42
27.5
22.52
24.69
22.93
28.57
20.51
28.84
26.76
25.7
27.72
28.17
21.6
24.07
25.63
25.59
21.38
22.12
26.95
23.89
20.49
28.13
29.39
23.14
25.92
27.12
20.67
28.68
25.53
29.47
24.63
27.99
23.5
26.47
29.29
20.79
27.08
25.32
20.9
27.07
22.18
27.79
25.68
20.36
26.79
25.64
29.07
22.65
21.73
22.03
27.27
29.45
25.36
21.32
28.01
26.2
23.92
25.52
27.36
29.14
26.05
28.48
21.26
25.2
27.36
21.27
21.55
22.05
22.64
27.36
24.7
25.98
21.29
26.69
29.06
22.71
23.91
27.66
28.04
22.74
24.06
20.32
26.61
20.25
28.23
28.33
24.65
29.24
25.96
23.32
26.79
20.42
21.08
22.73
25.42
25.06
22.19
23.9
25.41
22.8
27.07
20.92
28.34
24.75
24.49
25.27
20.29
21.58
23.76
24.36
22.64
25.41
28.82
28.12
29.41
20.01
28.63
27.56
23.68
24.59
21.47
29.22
23.59
24.83
24.84
24.8
24.32
25.08
26.06
26.85
28.05
26.0
29.92
24.97
20.08
22.39
23.54
24.35
20.49
25.67
22.68
29.12
22.17
28.26
21.99
23.95
29.02
20.47
21.4
29.4
25.05
23.71
27.17
22.12
26.73
21.83
25.23
21.79
27.43
29.48
27.56
21.64
25.59
29.27
25.03
29.61
23.7
29.48
21.0
24.14
21.6
21.87
21.12
26.97
26.2
21.91
24.02
26.75
21.66
28.09
22.84
23.81
22.11
25.99
24.74
25.12
28.24
25.12
29.64
29.56
29.41
28.0
28.78
22.56
26.92
22.43
24.18
28.07
26.29
24.11
23.42
28.75
25.23
27.23
20.49
20.97
27.95
27.82
20.96
26.83
21.99
22.64
20.01
22.54
28.82
21.34
29.87
26.76
27.73
21.82
25.89
20.07
29.07
29.54
28.58
25.16
28.21
27.59
22.2
28.82
25.55
26.26
28.21
27.47
21.24
20.29
21.66
23.99
25.91
20.48
24.06
28.17
29.78
23.97
22.68
25.38
21.79
22.16
24.94
22.09
23.47
21.45
29.18
26.07
20.81
28.9
24.16
23.88
28.7
24.17
26.36
25.4
29.33
27.7
28.31
25.05
20.14
28.23
29.03
29.51
26.39
27.92
27.54
29.93
23.3
25.42
22.6
29.79
24.55
24.2
29.87
20.43
29.2
28.4
24.56
26.75
20.12
25.05
20.7
21.03
27.76
24.86
23.24
25.32
23.34
29.29
25.93
27.83
27.09
26.82
29.48
26.34
22.25
22.92
22.49
29.16
28.26
29.15
25.83
24.49
28.64
29.47
28.84
29.8
20.3
21.97
24.33
29.52
26.53
29.01
26.09
20.64
29.47
23.03
26.01
25.78
26.98
22.38
25.46
25.08
22.43
20.22
23.39
22.52
27.69
21.06
25.69
23.66
28.24
21.55
26.35
27.88
20.85
28.82
25.86
22.64
24.11
25.56
24.82
23.29
29.08
25.22
24.65
22.19
22.63
29.98
29.41
24.48
25.38
28.43
28.47
21.93
22.16
24.51
23.62
25.96
24.12
20.69
25.28
24.33
28.56
28.2
24.34
20.41
21.7
24.81
22.58
27.88
29.08
27.4
27.55
23.75
25.62
28.09
22.53
23.56
21.71
25.47
26.35
24.6
29.57
24.78
23.9
28.27
23.59
20.45
20.82
23.35
26.43
20.95
24.11
25.36
25.54
21.16
25.99
23.57
29.33
23.99
29.25
25.73
23.03
27.17
27.82
28.01
21.23
23.97
29.49
26.74
23.06
20.19
23.05
21.51
22.16
20.73
23.23
20.43
24.74
27.24
26.15
24.38
25.01
20.06
24.4
21.96
25.81
25.48
27.35
25.42
24.39
20.27
28.92
23.71
22.13
22.69
20.45
23.34
25.69
27.13
26.03
22.12
28.31
24.97
22.02
21.22
25.91
28.88
24.03
28.67
25.23
28.98
23.96
21.73
25.25
27.02
27.0
26.42
26.53
24.28
29.54
28.32
29.74
26.13
28.96
27.26
22.04
29.05
20.61
28.22
20.73
29.67
21.12
26.75
29.19
26.88
28.38
28.81
24.35
22.88
22.98
26.17
27.74
27.2
22.97
22.87
28.12
24.45
26.32
21.92
27.99
21.29
20.81
20.08
22.53
26.01
25.13
20.56
20.94
20.84
29.91
22.72
29.92
24.23
24.33
20.18
21.58
22.11
20.25
22.91
22.56
22.52
20.47
29.09
23.22
24.48
28.96
26.27
24.82
29.62
28.69
20.34
20.12
29.74
20.6
28.84
22.36
26.12
28.6
27.01
20.59
26.75
20.34
29.31
26.87
29.89
23.21
21.93
24.27
26.23
26.13
23.18
25.84
20.21
25.97
27.19
29.47
20.85
22.65
28.64
23.41
28.31
29.77
24.91
27.77
21.05
22.1
28.06
24.51
24.92
24.1
28.9
29.43
23.69
26.23
26.09
22.16
27.71
27.08
26.89
20.74
23.17
20.47
29.24
28.79
29.43
29.78
20.01
25.86
28.74
24.89
21.98
24.54
21.65
20.86
26.52
28.52
21.81
27.32
27.34
29.92
21.19
27.78
24.05
22.66
24.31
29.41
29.66
26.01
29.96
29.29
22.44
22.3
21.56
24.61
24.87
24.74
23.73
20.43
24.93
27.74
23.24
23.76
27.98
28.83
20.81
25.84
23.68
26.51
20.49
21.86
27.7
26.03
28.26
22.79
23.2
27.6
28.2
27.34
22.23
27.07
21.26
26.42
25.13
22.41
25.27
23.82
23.75
24.07
29.06
20.54
28.92
27.51
21.63
24.01
20.88
29.76
21.27
27.64
25.82
26.38
22.19
21.9
27.92
29.34
20.07
29.23
25.72
23.19
24.01
27.47
28.37
28.39
25.65
22.63
24.53
21.43
27.89
22.05
28.5
27.89
21.77
26.32
20.55
27.62
29.43
23.53
29.41
25.91
24.06
21.01
22.65
25.18
26.57
25.37
28.56
20.29
27.86
20.95
27.3
28.35
28.66
29.61
29.02
24.17
22.35
24.19
24.9
25.21
28.66
27.04
20.43
25.58
21.91
26.5
25.79
23.11
20.12
24.46
28.15
25.46
22.29
26.27
21.86
28.82
21.41
23.22
21.69
22.56
26.97
25.14
22.52
23.27
26.99
25.2
21.02
20.55
23.83
28.42
23.81
28.4
29.5
25.69
22.05
20.51
25.87
24.57
27.89
28.65
24.65
28.9
28.99
24.24
20.62
29.04
27.37
28.29
20.84
25.69
23.35
23.41
24.95
24.6
25.56
27.07
21.98
29.19
29.02
24.97
23.63
26.2
28.7
24.6
29.48
26.34
22.55
28.54
21.85
24.53
29.99
29.91
23.82
26.82
22.37
28.82
28.77
27.85
25.18
25.57
23.08
25.47
20.5
25.06
27.15
20.21
29.56
26.33
26.21
22.84
22.91
21.67
24.82
25.09
27.99
22.42
21.71
26.1
26.69
28.98
26.57
26.69
22.73
20.8
29.06
25.64
27.32
26.5
26.17
21.95
24.6
26.16
28.97
28.47
25.94
24.87
28.2
21.44
26.3
25.49
24.09
22.86
26.32
27.82
26.62
22.33
25.39
29.65
20.27
22.82
25.79
22.81
29.48
29.81
21.17
23.24
27.21
22.1
26.16
29.75
27.28
22.63
24.44
21.02
23.13
24.84
21.57
22.05
20.17
22.86
26.32
25.2
24.52
27.13
28.36
21.44
26.59
24.96
24.45
23.98
28.82
20.15
21.16
21.17
24.87
21.21
23.74
23.9
20.43
27.84
25.43
20.19
22.67
28.77
27.92
26.76
21.94
25.42
21.83
20.63
23.51
26.22
27.93
20.9
28.94
21.19
29.57
20.32
25.5
20.64
22.37
21.62
23.92
27.14
20.34
23.72
27.32
23.77
26.1
27.63
25.16
25.96
26.94
28.06
29.57
21.48
22.39
26.26
23.6
28.44
26.44
29.74
21.53
23.52
25.05
24.04
29.88
23.84
25.97
24.25
22.82
29.46
25.44
30.0
29.13
28.26
22.87
23.24
21.81
27.31
23.39
26.88
25.47
27.71
28.37
21.99
28.47
29.78
29.79
21.69
28.68
25.95
24.62
24.35
21.19
24.03
27.46
24.02
26.42
24.9
24.84
25.71
20.85
27.24
24.21
20.44
27.59
23.21
20.38
28.69
22.31
23.83
22.07
26.88
26.28
28.5
22.31
22.95
27.78
20.26
23.02
23.2
28.1
28.32
20.41
24.86
25.68
25.21
29.98
22.36
27.45
26.7
29.53
25.94
29.86
20.85
26.22
26.3
22.32
22.85
26.47
24.05
26.46
21.04
29.91
28.85
21.48
24.79
23.1
20.39
27.89
20.64
25.84
21.71
24.93
22.36
28.11
25.4
28.62
25.11
27.98
28.05
23.47
26.6
25.76
22.31
25.53
21.82
25.98
20.89
24.6
28.17
25.22
25.71
23.64
21.76
20.1
21.07
28.69
28.13
20.25
24.7
29.36
25.47
24.41
26.48
20.45
23.03
24.03
20.3
20.63
25.85
24.95
22.94
27.58
26.87
26.79
24.31
29.86
24.42
28.76
25.83
21.81
20.88
20.67
29.82
29.33
25.31
22.35
21.72
29.37
22.28
23.85
25.64
23.6
24.24
26.44
27.35
21.53
25.2
24.39
27.49
24.68
23.35
24.25
26.06
23.61
26.99
23.92
20.77
20.43
29.33
22.26
21.68
20.71
26.88
27.33
21.24
20.51
29.46
26.41
20.13
21.3
28.33
22.16
29.01
27.11
28.45
29.71
28.83
20.83
23.89
22.83
20.02
25.89
20.87
26.38
28.09
25.74
27.49
29.25
21.76
21.58
21.15
25.44
22.18
20.45
26.6
28.08
26.69
26.78
24.81
21.8
24.36
23.42
20.06
22.22
22.59
25.33
24.3
25.72
23.73
21.64
29.26
28.19
27.76
25.7
22.12
21.12
21.82
23.3
24.62
28.27
23.89
26.95
25.81
21.53
20.56
24.76
26.17
23.82
24.88
22.18
26.59
21.5
28.63
26.62
28.63
20.72
24.21
20.35
26.49
22.37
24.78
26.06
28.5
21.81
25.95
25.49
25.51
25.31
29.43
23.94
29.85
26.02
26.62
20.86
29.57
28.49
21.96
22.64
28.85
26.56
25.59
28.4
22.89
20.26
21.72
28.07
22.01
26.9
22.0
26.19
28.2
28.93
28.6
22.43
20.0
29.81
23.91
20.5
28.33
29.07
26.03
27.41
20.02
24.38
24.73
20.44
24.51
29.27
21.94
22.24
20.69
24.55
28.01
26.39
23.6
26.19
25.1
24.89
22.07
20.23
24.15
22.31
26.83
26.19
26.16
25.35
24.55
23.49
29.12
22.36
23.59
21.18
27.19
22.7
24.57
29.39
20.17
26.47
26.61
23.4
28.01
25.66
27.08
27.57
21.56
24.64
24.21
24.93
23.94
20.19
20.12
21.2
25.89
22.03
28.15
29.3
20.48
23.43
20.09
23.77
28.39
21.69
28.85
29.86
25.45
21.7
24.99
22.82
27.74
25.8
20.73
24.47
27.74
22.18
20.74
26.81
21.76
20.07
28.27
24.43
25.45
25.24
26.53
20.7
28.74
23.14
23.61
28.36
29.8
29.83
21.92
23.0
29.33
26.68
28.2
25.85
28.79
24.21
28.9
26.87
24.54
27.05
23.6
26.4
28.29
23.96
26.38
22.53
25.84
21.57
20.75
23.47
24.57
24.77
27.36
28.13
27.3
28.97
26.84
20.9
21.22
22.51
22.45
27.6
22.08
28.02
20.64
24.24
25.28
28.9
21.76
25.98
26.25
25.19
28.87
23.69
26.62
26.9
23.33
26.96
23.26
22.72
23.21
23.23
29.88
25.58
25.16
27.5
24.44
27.73
27.07
29.18
24.87
22.59
25.27
27.19
23.15
21.21
24.76
20.02
21.48
29.0
28.99
22.7
23.58
26.42
29.45
27.6
27.54
23.61
20.06
20.39
29.65
29.48
25.76
21.98
29.25
27.17
24.27
28.07
23.77
25.75
27.22
20.74
22.37
22.17
24.04
28.77
27.54
26.57
23.41
25.11
26.15
27.9
29.22
20.95
23.78
27.47
27.39
28.32
20.32
29.9
28.69
21.86
28.85
24.63
24.71
22.87
21.51
28.06
29.57
28.31
24.06
22.91
24.81
26.49
25.22
25.58
27.54
22.09
25.61
24.24
21.74
27.2
21.37
21.36
28.27
29.64
28.65
28.08
29.0
27.98
26.77
28.31
28.91
22.37
22.98
26.94
29.76
20.27
20.25
22.05
25.71
22.98
20.64
23.71
23.38
21.25
29.88
26.95
23.73
29.64
27.33
26.77
22.92
20.67
21.5
22.03
22.46
26.4
28.71
29.83
28.13
28.57
21.05
20.5
24.55
25.92
24.54
25.38
28.59
26.56
24.65
21.53
27.57
22.18
28.52
29.43
24.4
26.55
20.6
21.6
28.59
22.29
22.17
23.12
20.53
27.18
22.24
26.53
24.5
29.21
20.72
21.11
26.99
24.5
22.28
21.14
29.18
22.57
28.01
23.48
25.12
22.0
24.87
25.7
26.84
25.33
24.54
22.05
25.83
25.49
24.25
22.29
27.04
26.2
26.79
28.95
27.68
24.72
24.51
22.75
29.85
23.96
22.47
26.68
28.44
20.46
25.65
26.45
24.25
22.35
20.37
29.45
20.65
25.21
23.91
20.46
23.92
24.6
22.14
24.77
21.67
25.48
21.15
25.41
21.52
20.21
20.51
21.7
29.65
21.83
29.71
20.34
21.36
21.99
28.67
29.36
24.29
24.84
27.07
29.76
20.76
24.85
21.85
20.08
21.81
24.05
27.36
23.73
26.97
22.36
29.86
20.59
29.53
27.57
24.45
23.9
27.43
28.42
24.44
24.11
29.4
27.27
20.08
20.82
24.46
25.76
25.77
25.59
21.36
20.2
27.75
26.94
26.45
26.49
21.77
24.55
22.5
28.52
22.81
22.18
24.39
21.14
21.95
23.96
22.89
23.94
24.42
28.48
24.05
26.2
25.84
28.21
24.24
27.3
20.99
29.4
26.33
25.27
23.63
27.9
26.03
20.21
26.62
29.18
29.85
29.11
24.46
23.51
26.68
20.73
20.79
22.61
22.71
20.86
29.9
26.05
25.63
25.36
29.91
29.08
25.12
22.12
29.95
25.43
28.63
25.3
26.25
23.44
21.44
24.71
23.22
21.71
21.51
25.05
27.86
28.1
22.47
21.41
20.41
23.58
24.85
22.67
24.66
26.98
25.48
29.82
28.7
28.95
29.51
27.08
23.6
22.69
26.89
28.29
29.13
21.49
22.39
25.26
22.45
24.58
28.8
21.24
21.29
29.93
27.86
28.12
26.42
22.26
28.31
20.25
20.6
29.48
22.02
22.08
25.73
21.9
26.38
21.75
25.04
27.07
29.18
23.74
24.78
27.16
24.51
27.37
29.12
26.3
27.24
23.73
21.66
29.73
27.56
28.83
22.27
25.41
24.83
22.02
21.78
25.61
21.47
24.73
22.03
28.5
27.49
27.08
29.69
20.32
20.68
29.81
28.88
22.79
26.13
28.86
22.23
22.54
24.61
28.88
20.26
23.0
21.91
28.35
21.01
28.12
29.24
29.0
25.29
27.4
26.67
22.48
29.15
21.43
24.0
27.11
24.5
26.7
29.2
20.0
26.17
24.81
24.25
29.69
22.1
26.82
27.25
29.8
28.24
22.21
28.96
20.59
22.49
29.6
26.55
25.33
27.49
22.3
22.9
22.27
20.38
24.36
27.38
27.28
20.47
21.7
24.56
27.83
20.67
20.68
21.2
26.62
22.79
22.81
29.06
21.54
22.93
25.37
23.76
27.76
28.01
21.35
24.75
25.85
23.8
24.61
25.21
23.85
21.11
29.13
27.67
21.08
24.8
26.47
27.35
27.51
29.31
22.2
23.77
24.68
25.84
26.36
22.27
23.22
23.65
28.89
29.32
24.08
21.25
29.55
23.09
29.36
23.6
20.67
20.86
26.89
26.99
28.1
21.76
24.78
26.7
27.6
24.67
27.54
29.94
24.2
23.15
23.36
22.4
29.5
27.96
21.61
24.13
27.71
28.81
21.89
29.92
29.37
26.11
24.79
29.29
28.06
29.38
26.99
23.52
20.64
20.51
28.65
22.86
24.22
25.12
27.59
25.22
25.35
28.82
20.86
22.9
20.59
23.94
25.55
24.71
27.23
21.77
24.78
26.39
21.98
25.13
27.66
29.2
29.65
20.04
24.89
26.79
23.61
21.3
20.02
26.16
24.07
22.76
20.9
21.52
26.89
23.0
27.91
25.33
25.08
20.26
23.69
21.62
25.4
20.23
29.62
20.23
20.13
24.78
23.76
26.98
24.68
29.15
20.01
29.64
29.58
21.31
23.74
20.77
24.72
23.69
22.01
26.23
27.58
23.02
27.64
27.46
27.3
26.61
28.78
20.28
21.74
27.89
25.33
24.71
24.61
20.78
23.64
25.44
29.76
22.81
20.01
29.09
29.96
26.93
27.49
27.19
22.93
27.09
20.1
27.47
26.72
24.61
23.5
27.9
21.95
20.67
25.68
27.22
25.08
26.65
28.06
21.28
25.95
21.62
29.86
27.47
26.6
25.03
23.79
24.31
26.13
21.7
21.0
27.92
22.33
24.83
23.81
26.91
23.87
28.67
20.1
28.59
27.74
29.0
23.79
22.52
28.74
28.28
28.71
25.11
20.41
28.1
20.56
27.26
21.32
27.89
22.79
24.57
26.03
22.28
29.6
23.63
27.0
28.81
25.53
25.69
24.9
26.78
20.49
22.76
25.38
24.23
20.2
22.73
24.19
26.3
25.79
29.32
28.43
27.2
24.27
22.84
26.86
28.9
22.67
22.29
25.49
23.89
23.83
26.26
25.34
22.29
23.53
23.48
28.92
29.16
24.65
26.44
20.24
29.32
27.84
25.71
20.57
29.53
29.13
28.13
29.19
27.9
28.91
28.95
22.31
26.6
23.06
27.62
28.08
23.09
29.11
24.59
29.41
22.15
27.88
20.29
24.26
27.4
26.77
20.9
20.56
26.82
26.2
21.17
24.05
24.99
23.48
21.46
24.52
20.4
21.96
23.13
22.66
26.62
23.01
20.1
23.14
27.19
23.14
25.72
25.82
27.4
23.77
26.33
25.4
27.9
24.41
25.07
29.02
20.46
23.43
28.74
22.94
22.91
20.86
23.66
24.84
28.91
29.03
25.51
26.59
21.48
20.13
27.79
23.37
27.11
26.1
28.19
21.18
27.2
29.17
29.7
25.95
21.68
20.45
21.12
23.06
21.76
23.84
20.21
29.01
26.83
20.59
27.41
25.09
26.96
21.47
21.99
20.02
21.93
23.17
26.25
25.14
26.63
22.32
26.6
23.51
24.84
21.86
22.57
25.42
23.25
26.24
24.75
26.65
21.26
22.55
29.68
24.63
26.8
24.4
25.8
26.4
28.74
29.19
26.98
28.64
23.28
27.13
28.71
24.97
23.64
27.01
21.18
22.61
23.12
29.85
29.8
24.78
28.27
28.16
29.18
21.9
26.23
25.76
21.5
26.33
20.04
25.58
29.71
26.34
24.69
28.98
25.22
28.93
22.35
20.41
28.61
27.53
27.09
26.39
29.95
27.45
22.19
22.1
29.48
28.62
22.72
28.56
24.44
24.55
26.34
26.51
24.86
20.12
20.46
27.11
21.18
24.43
21.62
21.73
25.93
21.87
23.72
21.37
24.85
22.05
20.05
25.12
22.91
29.97
25.75
26.67
27.8
27.71
22.98
28.95
21.07
29.9
22.08
20.87
29.11
25.18
29.57
27.56
26.22
21.13
24.47
28.72
20.82
25.12
20.45
29.22
27.98
22.84
27.53
23.96
20.22
22.87
27.49
27.06
22.39
28.86
24.09
29.45
20.86
28.86
29.95
26.36
25.08
21.1
25.84
27.76
20.91
23.55
25.67
21.84
25.05
23.3
20.1
20.04
21.99
29.44
21.45
26.85
24.87
26.18
24.53
26.53
26.65
28.11
25.98
22.37
22.33
23.31
25.08
25.44
21.62
26.76
26.09
22.32
27.48
23.66
25.48
24.75
20.55
20.96
23.87
27.24
21.91
23.25
26.75
24.39
28.33
20.06
23.1
28.96
21.44
21.71
26.98
23.0
22.95
22.8
29.69
20.25
20.86
21.65
27.34
28.11
25.84
28.58
23.36
29.57
21.59
26.86
28.52
26.97
26.31
23.74
22.06
28.2
23.08
24.99
27.11
25.86
28.44
24.69
25.48
27.07
20.36
20.57
24.2
22.37
29.59
26.62
23.35
28.02
21.37
27.31
20.42
27.61
20.77
21.15
22.42
29.11
28.75
23.15
25.89
29.88
23.07
22.02
22.61
21.19
23.3
24.02
26.03
24.12
29.97
23.78
22.69
21.42
21.12
22.68
24.67
22.28
27.46
28.7
26.34
28.93
24.72
22.97
22.24
25.5
27.01
23.44
26.44
26.6
23.28
29.06
25.04
28.57
25.15
21.29
26.88
23.9
29.62
25.56
22.74
26.21
21.59
21.71
28.6
21.9
22.1
22.03
27.41
20.73
22.38
21.57
28.52
27.93
20.32
28.68
26.1
24.57
26.83
23.28
26.04
24.06
24.74
28.06
21.04
20.49
29.36
28.3
23.92
28.4
25.47
25.62
27.19
28.51
24.49
25.86
27.81
28.46
21.86
24.71
29.0
23.86
23.56
23.38
22.08
28.63
25.02
23.32
24.03
22.78
25.46
25.22
21.19
23.89
24.67
28.16
29.65
28.07
28.48
28.69
28.83
22.41
26.79
22.75
21.43
21.29
23.86
26.49
20.57
25.39
20.55
27.44
26.09
24.82
27.01
23.93
28.82
25.63
23.48
21.72
20.33
25.06
25.79
26.8
22.83
20.49
29.43
22.97
28.86
28.98
21.23
29.43
22.78
27.88
22.18
27.71
25.04
23.34
25.69
21.48
27.09
25.9
29.76
22.6
22.52
20.25
21.83
29.47
20.59
21.81
28.82
21.88
26.05
21.45
22.83
26.13
27.97
27.55
20.61
23.87
22.37
29.55
26.54
24.71
22.79
24.15
21.4
21.47
23.7
24.53
21.62
29.9
25.59
22.03
23.71
20.35
21.99
28.52
29.85
22.5
24.15
21.69
29.29
20.95
22.34
27.06
25.66
23.2
27.63
23.81
27.94
25.28
24.33
29.83
21.14
21.62
26.3
21.48
29.28
24.34
22.5
26.1
23.83
20.99
21.29
24.32
24.45
21.51
20.96
25.57
24.98
26.61
20.64
26.35
29.87
23.09
24.27
21.31
28.27
23.57
23.0
27.23
24.5
29.73
27.36
24.45
20.02
20.55
26.98
23.93
26.54
22.25
25.72
23.11
23.37
29.83
20.73
21.28
22.41
27.39
27.23
29.62
23.23
27.11
27.84
26.99
20.69
21.78
20.91
26.55
27.35
23.87
28.57
29.24
29.6
24.86
28.91
24.57
25.37
25.98
22.1
26.57
21.27
29.26
26.0
26.37
25.39
27.46
24.87
24.03
20.24
29.18
25.69
24.05
23.62
29.24
20.86
27.7
26.79
26.39
21.33
27.44
28.09
29.92
30.0
24.52
29.06
26.93
22.19
28.92
29.17
27.26
27.72
22.55
20.44
25.96
28.79
23.3
21.59
29.51
22.66
27.85
21.16
21.93
28.15
26.54
20.47
20.01
25.67
27.23
28.46
25.73
29.07
28.17
23.21
25.19
29.91
23.12
25.78
27.75
22.28
24.45
21.96
29.13
20.18
29.74
23.62
28.63
21.2
23.54
29.71
23.81
25.95
23.2
21.54
20.13
28.52
29.73
28.02
23.24
22.61
24.98
21.49
28.91
21.05
21.72
24.6
24.58
29.94
23.71
27.93
29.34
29.66
26.41
20.77
23.54
21.4
20.5
20.44
22.89
23.87
25.47
23.78
24.53
23.06
25.97
27.23
28.32
25.04
24.1
25.78
26.93
25.26
25.54
29.56
20.17
27.06
20.16
25.76
23.53
25.34
22.84
20.72
26.3
20.02
25.2
20.02
28.06
26.03
29.68
21.13
25.87
20.26
20.44
29.21
24.57
22.99
22.48
20.26
24.8
27.93
24.28
21.16
22.22
22.3
27.64
23.34
22.27
25.63
21.21
20.53
25.31
21.88
28.03
27.96
29.61
23.87
20.37
21.59
22.76
28.06
27.54
21.16
24.11
22.64
25.67
22.28
21.74
23.57
20.22
28.77
24.28
21.91
27.24
23.73
23.11
25.57
24.27
21.87
22.11
28.4
29.81
23.53
27.26
27.82
22.32
21.6
24.35
20.79
29.77
24.45
23.78
29.53
23.22
22.4
26.29
28.29
25.4
21.38
29.63
29.05
24.17
26.4
22.34
20.17
29.83
28.95
23.41
27.72
22.62
24.62
20.84
28.55
23.8
21.36
26.74
21.46
25.17
23.53
21.88
29.53
28.05
27.63
27.3
25.3
25.65
22.35
25.9
28.12
22.35
26.37
23.69
24.47
22.05
29.15
22.27
26.95
21.84
26.52
27.66
21.01
24.9
21.76
28.76
28.03
28.78
22.51
29.92
20.85
27.14
24.81
25.35
25.17
21.84
29.58
21.79
21.85
20.68
22.71
25.42
20.88
26.17
23.86
26.67
24.22
23.54
28.8
24.48
21.22
29.62
21.98
22.02
27.83
21.43
29.78
27.81
22.33
20.63
25.83
24.61
20.28
26.97
21.93
28.91
27.51
21.63
24.7
23.35
27.32
25.29
24.58
21.45
21.13
25.71
20.39
21.53
20.0
21.63
22.31
26.07
24.88
22.84
22.17
21.44
28.85
28.84
24.36
24.16
24.3
20.03
27.67
21.07
22.99
23.93
20.69
24.79
29.17
20.07
26.34
29.22
26.0
22.68
24.77
20.78
26.2
27.83
27.69
26.17
24.5
27.35
25.62
23.6
20.28
24.74
20.37
21.01
25.52
21.45
25.64
26.79
27.35
25.31
27.36
28.88
20.55
21.69
29.63
26.05
24.57
24.37
20.17
29.25
21.91
28.95
26.31
23.14
27.74
24.68
25.01
24.25
20.83
25.83
24.62
27.4
28.15
24.69
29.17
26.62
29.08
28.89
29.51
24.33
27.04
28.63
25.9
22.76
24.48
24.41
22.77
23.84
24.2
22.85
28.38
20.46
29.81
27.16
26.38
29.15
27.01
27.11
20.97
21.58
20.83
29.38
26.85
24.97
28.82
23.06
20.87
27.52
20.74
27.15
22.07
26.97
20.71
28.37
24.85
26.63
27.21
21.67
23.75
26.53
26.34
20.79
27.49
23.11
22.15
28.87
23.87
25.71
20.83
29.92
22.03
20.74
21.47
21.21
24.37
24.54
29.12
20.27
25.55
23.49
21.47
21.14
23.29
25.15
22.39
22.83
20.13
25.08
29.07
25.5
27.06
20.77
23.55
29.54
24.53
29.33
26.93
29.1
29.4
20.64
26.07
21.05
21.08
26.77
20.64
22.59
26.41
29.21
26.05
26.98
21.71
28.82
27.46
20.61
28.71
29.89
21.72
21.43
21.5
25.7
28.59
28.36
27.58
24.28
24.12
23.12
27.73
24.69
28.16
24.62
27.15
23.53
28.18
22.0
26.12
29.26
25.69
25.67
29.2
23.56
29.59
25.5
29.27
27.42
25.1
29.32
29.88
22.59
26.16
26.79
20.0
28.06
24.93
27.78
22.43
25.91
21.15
21.29
21.02
27.21
22.25
25.38
26.23
28.95
25.96
25.16
26.63
25.98
29.59
20.37
23.54
28.57
26.73
22.61
29.39
24.31
20.02
26.43
20.49
27.14
27.66
26.02
28.76
24.23
26.93
27.11
26.1
21.16
20.67
22.45
27.53
21.18
28.1
20.63
21.35
22.0
21.95
27.32
24.97
25.35
24.3
21.2
23.48
25.11
23.4
29.99
26.66
24.57
23.65
20.18
21.55
23.42
26.13
27.17
29.53
25.42
24.03
21.46
26.27
23.85
29.44
21.75
21.85
20.54
27.46
21.24
22.64
29.42
28.84
29.42
21.13
20.1
21.38
27.07
28.44
29.19
26.96
27.28
27.52
21.66
29.91
29.86
24.36
28.89
22.82
24.89
25.33
24.7
25.15
28.65
27.56
24.1
21.97
23.58
23.8
23.53
27.95
22.21
28.89
29.61
26.95
28.92
23.72
25.31
22.06
22.53
23.12
26.07
27.98
28.9
25.44
28.81
27.34
26.83
24.75
20.09
23.15
24.72
29.46
23.26
27.51
26.96
21.17
25.75
20.49
26.17
24.25
23.79
25.2
24.49
25.14
21.42
23.56
22.14
27.61
23.18
23.19
20.67
28.55
21.95
23.22
20.46
22.89
26.04
29.21
23.36
29.43
23.86
25.71
29.19
28.52
27.09
20.57
23.41
25.22
21.21
28.34
20.61
24.16
29.4
28.92
23.98
24.64
29.51
25.9
25.48
24.78
28.52
26.24
21.96
29.36
21.21
22.65
22.27
25.3
26.19
27.21
29.77
20.94
28.17
21.2
25.31
27.55
20.35
22.96
27.86
24.83
27.34
28.74
23.65
29.65
27.71
21.57
23.31
20.02
28.51
28.05
20.81
22.12
21.54
24.09
28.16
23.25
20.89
23.16
27.78
29.86
23.72
22.44
28.78
29.32
25.21
20.11
24.38
29.28
28.02
27.76
21.29
26.57
29.12
29.36
26.48
23.27
21.49
28.29
20.96
28.64
28.73
20.37
28.97
23.52
29.51
29.05
22.29
20.5
27.69
22.42
25.25
22.8
29.73
26.44
25.17
27.49
25.74
20.14
21.64
28.37
24.38
20.01
24.93
24.96
27.3
25.99
23.62
22.33
25.15
29.66
24.14
26.45
21.52
27.31
27.21
29.62
22.52
26.79
24.55
26.35
27.85
21.26
24.3
20.67
23.04
28.62
24.42
24.49
28.66
28.75
22.76
21.73
20.72
23.09
28.45
20.08
24.12
29.17
29.5
21.08
21.88
23.28
26.93
25.15
23.88
27.57
26.44
29.37
26.69
27.16
20.37
21.65
24.56
22.74
23.84
22.84
21.08
23.94
25.07
21.81
21.7
25.37
27.85
27.51
27.58
24.3
23.85
25.28
28.39
27.34
25.54
23.09
23.66
29.11
24.51
24.81
26.56
26.82
23.3
26.08
27.94
29.29
23.72
20.34
24.81
23.28
26.1
24.18
22.4
27.29
26.94
23.27
29.71
26.79
20.86
24.73
22.58
24.86
29.83
26.17
24.88
21.18
29.35
27.38
23.25
22.11
26.5
29.94
26.44
21.21
25.94
24.62
20.6
26.75
25.41
27.44
20.8
26.87
28.34
24.53
20.46
26.3
21.35
26.47
27.25
22.91
22.88
27.17
27.92
24.52
26.6
26.89
29.86
28.79
24.11
27.21
26.97
29.57
26.18
29.42
20.17
23.41
25.14
26.98
20.35
27.99
24.91
27.29
22.39
23.07
25.21
23.51
24.04
27.94
28.0
20.75
27.2
24.79
29.52
20.22
21.42
25.61
29.14
26.72
26.13
28.28
28.95
28.42
28.87
24.39
26.79
20.77
23.31
20.94
24.13
29.14
25.62
23.9
21.79
27.67
25.61
27.53
25.45
29.01
21.68
28.26
26.88
23.27
21.67
22.15
26.71
25.31
20.47
20.37
26.93
28.91
29.09
21.5
22.0
26.69
28.37
23.1
25.1
23.78
27.11
22.33
26.8
27.8
25.07
21.0
20.55
29.06
22.47
26.92
20.93
25.46
20.74
29.26
20.55
22.44
29.33
22.64
22.97
20.83
24.69
22.8
22.08
26.41
24.27
20.09
23.1
24.11
21.76
26.12
28.43
20.31
24.63
23.57
25.7
23.9
27.94
25.17
21.91
22.75
26.32
21.86
20.93
20.67
25.34
23.24
25.26
23.02
23.48
27.56
20.34
22.51
28.26
20.86
28.4
22.56
20.44
27.46
21.69
23.59
23.31
25.12
25.74
26.28
28.28
21.55
28.9
27.71
22.45
21.58
23.47
23.62
21.68
28.22
20.95
28.21
24.71
29.37
27.2
24.32
27.53
20.9
23.41
24.21
26.04
29.25
21.27
24.15
29.98
23.95
23.27
26.28
22.49
23.34
23.22
22.11
21.7
24.95
27.4
22.31
25.28
23.97
21.75
23.66
26.13
23.94
29.75
24.72
23.67
26.78
20.54
29.7
29.42
26.12
22.04
20.1
27.29
23.58
27.48
21.59
29.05
23.38
24.95
26.41
23.18
29.28
23.93
27.37
29.41
22.17
25.43
23.74
20.36
21.33
25.62
26.69
22.84
22.75
23.39
20.01
22.67
26.29
28.65
22.1
22.53
27.09
26.84
26.93
23.07
27.6
20.2
27.77
20.93
29.0
26.78
21.25
24.0
27.15
21.45
28.48
23.22
29.02
23.13
24.47
20.67
29.98
24.45
22.26
20.18
25.33
20.67
23.61
22.78
21.93
24.3
29.86
24.71
21.03
23.13
22.12
24.56
22.93
29.6
26.23
27.16
21.42
29.36
26.17
20.41
28.68
29.47
20.17
29.35
21.53
24.73
23.97
23.21
25.51
22.12
28.87
23.06
28.02
25.58
24.64
24.25
21.1
20.28
25.83
23.39
22.07
28.08
24.28
22.47
27.88
20.92
22.74
28.51
27.68
25.94
20.93
23.66
24.33
25.14
23.88
20.83
27.22
28.51
25.57
29.47
22.0
22.74
25.72
24.16
22.02
20.19
27.64
23.46
25.35
20.89
25.54
27.39
27.71
29.51
28.63
24.43
21.23
25.09
27.91
28.97
22.6
21.0
22.04
23.85
28.52
26.45
27.46
21.59
27.52
22.27
29.44
21.07
24.94
26.11
29.91
25.76
25.14
25.48
27.46
25.12
20.1
25.45
25.97
25.08
29.02
22.87
26.86
28.39
28.66
30.0
28.9
28.78
29.54
24.84
29.49
24.0
21.63
22.94
21.79
22.18
29.62
29.94
27.03
24.72
21.92
24.95
22.96
24.19
25.95
23.66
24.93
25.95
24.49
28.25
22.87
21.79
28.94
24.17
27.31
23.08
25.5
28.03
27.64
27.95
28.88
25.87
28.72
23.99
26.51
27.78
25.19
26.86
23.91
23.07
23.71
25.24
21.69
28.94
27.35
29.83
22.82
26.46
23.7
25.32
26.51
24.65
23.62
25.18
21.14
20.45
23.64
26.33
25.48
24.53
28.41
23.0
25.09
23.69
27.57
25.51
25.99
22.63
27.57
27.72
29.51
21.64
24.21
28.4
22.57
27.17
23.45
25.76
27.51
27.12
27.77
24.69
23.34
24.78
23.96
26.97
27.2
25.22
20.41
20.16
23.54
23.36
21.6
29.62
22.43
29.47
27.32
25.58
24.72
21.38
27.13
24.61
28.23
22.08
26.76
23.76
23.56
25.07
29.08
27.05
20.86
22.75
21.92
26.02
29.46
28.69
20.55
22.38
25.0
22.58
23.37
26.59
28.28
26.53
24.98
21.83
22.76
28.48
24.46
24.95
28.95
23.13
23.88
22.98
21.44
26.32
23.44
26.06
20.01
28.59
21.31
29.18
24.3
22.56
24.64
26.81
24.77
20.35
24.52
28.47
26.24
23.22
26.22
28.37
24.85
27.84
28.61
24.81
25.1
20.86
23.58
22.64
20.55
21.39
21.35
20.75
23.94
21.5
22.72
25.13
27.11
20.93
28.54
26.2
29.41
28.38
27.21
20.37
21.02
23.33
23.55
27.39
21.39
29.91
29.82
26.62
20.51
22.26
27.89
28.67
20.41
28.77
22.81
26.71
24.96
23.07
28.24
21.18
23.58
20.19
22.77
27.98
26.28
26.47
21.95
28.02
22.66
27.07
24.32
21.28
21.45
25.99
23.66
29.34
23.75
23.92
21.98
21.73
20.49
20.07
21.13
27.74
21.42
27.78
21.5
22.94
23.52
29.04
26.32
23.82
27.92
20.03
24.15
23.68
27.28
20.67
27.0
29.32
26.28
29.59
29.63
26.62
27.6
27.62
29.33
27.22
24.97
24.4
27.52
26.56
23.38
25.37
27.89
23.85
20.56
23.01
22.41
22.19
29.83
21.52
21.18
23.93
21.16
29.21
24.08
26.87
26.28
28.31
29.32
20.8
23.62
25.91
21.3
21.75
26.37
28.19
29.88
23.46
23.73
20.46
29.0
26.39
22.59
20.44
27.66
22.56
26.44
23.05
23.84
23.6
29.41
28.98
29.82
28.7
20.49
24.3
20.32
20.88
29.22
24.82
29.99
29.24
28.1
26.66
23.68
24.7
27.62
27.29
26.23
23.83
25.27
20.51
28.05
27.99
23.56
20.35
22.57
29.09
24.21
27.29
27.59
27.41
26.29
20.64
28.23
29.06
27.03
26.24
25.59
26.68
21.73
20.08
27.0
23.2
27.71
20.87
26.13
23.22
28.17
23.97
24.02
21.25
22.09
23.94
21.83
20.28
26.12
26.8
22.64
20.11
28.1
22.1
20.67
24.85
24.82
26.36
21.24
27.3
29.28
25.94
25.03
24.76
26.61
25.09
25.0
25.45
28.97
24.17
29.97
28.09
27.73
27.59
20.86
22.1
21.93
23.51
29.28
28.9
23.54
24.88
28.37
27.94
28.05
26.41
25.58
27.99
27.32
25.31
20.6
21.99
29.27
26.05
29.02
28.54
27.37
27.36
20.21
22.25
23.55
29.58
22.04
27.77
27.89
29.71
28.94
22.55
24.4
26.27
23.27
23.25
20.38
24.29
26.98
25.71
25.74
24.95
25.27
21.84
22.43
22.35
29.13
29.23
20.17
25.72
27.1
24.49
28.85
26.7
24.78
24.02
21.12
22.72
22.94
27.8
28.88
22.69
20.52
29.1
23.96
24.78
20.73
24.4
28.43
25.54
27.99
29.27
27.46
26.93
22.57
28.69
24.56
26.82
29.27
21.9
21.82
22.0
22.95
22.86
28.2
21.31
24.37
23.19
27.53
26.55
24.29
29.97
25.86
23.45
21.34
23.0
21.71
20.31
23.83
27.66
28.3
23.24
27.31
20.91
23.41
23.66
29.67
28.91
20.95
26.3
27.82
27.05
25.79
29.83
28.85
24.06
27.61
23.82
27.34
29.45
22.07
24.57
23.08
23.99
27.85
23.92
25.54
21.26
25.28
22.13
20.09
25.15
29.21
27.58
20.67
21.16
24.65
27.95
23.82
25.02
27.42
22.23
22.36
24.53
21.19
26.14
21.18
28.39
21.82
22.14
26.36
27.4
23.09
29.36
26.11
24.81
24.79
28.32
21.33
22.93
26.3
24.29
23.52
23.3
21.02
25.73
22.71
20.18
21.45
29.72
22.96
20.51
22.83
20.14
22.53
29.48
20.73
29.27
21.95
21.56
28.92
28.84
21.41
21.14
25.48
23.15
26.67
25.54
24.94
22.8
24.77
24.88
26.21
22.09
28.76
26.13
20.15
29.0
21.5
23.05
27.97
23.36
24.05
24.61
21.79
21.87
24.55
29.77
27.81
26.2
25.25
20.45
24.17
25.95
23.54
25.88
26.74
29.43
21.35
21.27
20.31
26.51
29.04
24.36
21.63
25.52
29.92
27.98
29.95
20.73
21.69
22.58
24.64
28.87
26.68
24.12
29.29
21.96
24.31
22.9
25.09
23.18
23.38
20.69
20.35
30.0
20.65
29.09
29.66
27.94
20.97
21.28
23.26
24.76
21.78
26.37
21.24
21.75
26.42
25.01
26.9
27.39
28.84
23.13
29.64
28.74
27.09
29.16
27.11
25.49
29.95
28.29
27.5
23.2
22.03
23.52
23.88
26.09
22.37
21.83
26.81
28.75
27.95
20.24
27.0
24.9
21.9
29.36
21.13
29.77
26.19
24.46
23.38
24.8
22.98
27.98
27.18
26.16
20.26
22.39
22.37
25.52
29.96
29.46
21.1
25.62
29.0
23.1
26.36
25.36
23.0
21.61
27.75
23.04
27.56
23.52
28.11
23.94
22.91
26.7
27.57
24.97
27.92
26.96
20.75
26.85
25.23
24.9
20.64
24.84
22.75
22.58
25.0
29.06
24.11
22.16
25.03
26.76
20.23
25.79
21.6
23.25
28.53
21.49
29.61
24.09
20.96
29.84
29.52
29.06
21.98
25.76
28.34
22.88
24.04
29.39
25.18
23.63
29.07
22.34
28.57
28.56
20.5
22.27
27.12
22.53
24.61
21.87
24.91
21.23
24.85
21.49
23.43
28.43
27.11
26.13
21.81
23.22
21.94
22.19
22.33
22.78
29.97
21.97
24.14
27.58
24.68
27.44
29.07
25.37
23.46
21.73
20.06
23.85
29.97
23.21
26.29
21.99
26.74
28.88
20.27
20.8
28.89
25.54
26.57
21.27
20.71
27.5
27.31
25.03
28.98
27.34
21.89
20.06
28.25
26.42
29.72
27.35
27.27
21.31
25.17
28.52
23.52
20.23
28.38
20.17
26.75
28.58
23.6
22.03
28.22
21.08
26.81
25.83
20.33
23.77
24.25
22.02
28.02
21.88
22.23
23.24
23.05
29.18
25.75
23.52
20.6
25.91
26.01
25.13
29.75
20.01
23.14
22.48
29.01
27.79
25.49
27.73
29.43
29.17
22.06
29.83
26.97
25.77
28.97
22.39
21.14
25.56
24.11
20.2
22.09
26.89
25.13
29.1
26.7
24.76
25.93
22.38
26.55
20.62
26.43
20.5
22.35
22.98
28.04
28.15
28.63
25.12
25.61
24.86
24.86
26.9
24.01
21.6
28.01
24.47
26.82
23.61
28.45
23.07
24.71
22.66
22.67
29.68
29.97
23.19
28.63
27.54
27.28
25.19
22.75
28.7
26.32
21.35
24.17
27.16
22.16
21.02
26.41
21.66
21.0
27.06
23.12
24.92
21.97
22.15
25.08
26.66
28.44
28.45
20.39
28.92
22.35
25.49
28.64
28.28
25.47
20.59
28.63
21.55
28.24
25.69
24.79
26.09
24.91
26.69
20.13
27.34
26.87
26.37
23.65
28.13
21.96
22.45
23.54
20.76
21.94
21.18
27.92
23.36
23.82
24.07
26.36
21.01
27.87
27.79
29.15
23.92
21.16
23.8
25.04
28.22
22.03
21.94
23.48
23.75
22.69
23.85
25.75
29.74
29.05
28.25
22.85
25.83
20.92
26.74
22.91
20.85
22.4
22.93
28.63
23.04
26.57
22.83
24.85
25.31
28.65
26.31
26.67
29.45
28.0
22.11
21.55
20.77
24.78
27.64
22.17
23.99
25.19
26.44
28.46
26.93
21.83
27.48
27.71
23.04
22.73
29.4
21.63
29.57
24.0
29.42
23.57
24.27
20.07
26.95
28.62
25.75
21.32
21.37
20.49
26.45
20.11
24.5
29.75
25.6
22.67
22.35
29.89
26.91
20.95
28.59
21.31
23.15
21.83
26.88
21.75
24.98
26.61
23.06
27.08
21.94
22.77
28.77
24.5
20.29
26.11
26.26
24.39
27.76
25.61
29.12
22.96
23.59
28.91
26.93
26.75
20.57
26.68
26.25
25.58
25.1
29.18
21.41
20.22
26.92
25.59
21.21
24.95
28.39
22.35
23.1
20.95
23.24
29.75
22.4
23.23
26.0
27.44
21.12
22.76
27.88
25.9
22.88
27.05
22.32
28.8
28.39
21.63
25.01
24.02
23.26
28.32
24.63
22.66
22.7
27.42
20.05
23.52
24.0
21.76
25.42
23.05
27.06
20.69
21.16
26.13
20.47
20.78
23.67
20.48
24.15
24.79
29.23
27.58
24.57
26.64
25.02
23.57
29.98
20.84
21.89
25.66
29.52
29.47
21.63
23.12
25.74
25.07
20.86
23.94
24.47
24.1
26.42
23.95
25.94
27.54
22.97
28.17
27.14
26.38
26.74
26.42
27.97
23.58
27.23
26.14
21.68
28.1
29.28
26.71
23.02
29.41
28.3
25.11
25.56
23.12
25.27
24.57
20.78
20.03
21.76
28.17
26.39
22.0
20.41
20.9
24.37
28.77
